7.725490331649780273e-01
-9.686274528503417969e-01
9.372549057006835938e-01
-9.764705896377563477e-01
7.882353067398071289e-01
-6.862745285034179688e-01
3.725490272045135498e-01
-1.843137294054031372e-01
-1.686274558305740356e-01
3.568627536296844482e-01
-6.627451181411743164e-01
7.725490331649780273e-01
-9.607843160629272461e-01
9.294117689132690430e-01
-9.686274528503417969e-01
7.882353067398071289e-01
-6.784313917160034180e-01
3.803921639919281006e-01
-1.843137294054031372e-01
-1.607843190431594849e-01
3.568627536296844482e-01
-6.627451181411743164e-01
7.725490331649780273e-01
-9.686274528503417969e-01
9.372549057006835938e-01
-9.686274528503417969e-01
7.882353067398071289e-01
-6.784313917160034180e-01
3.725490272045135498e-01
-1.843137294054031372e-01
-1.607843190431594849e-01
3.568627536296844482e-01
-6.627451181411743164e-01
7.725490331649780273e-01
-9.607843160629272461e-01
9.372549057006835938e-01
-9.686274528503417969e-01
7.882353067398071289e-01
-6.784313917160034180e-01
3.803921639919281006e-01
-1.843137294054031372e-01
-1.686274558305740356e-01
3.568627536296844482e-01
-6.627451181411743164e-01
7.803921699523925781e-01
-9.686274528503417969e-01
9.372549057006835938e-01
-9.686274528503417969e-01
7.882353067398071289e-01
-6.784313917160034180e-01
3.725490272045135498e-01
-1.843137294054031372e-01
-1.607843190431594849e-01
3.568627536296844482e-01
-6.627451181411743164e-01
7.725490331649780273e-01
-9.686274528503417969e-01
9.372549057006835938e-01
-9.686274528503417969e-01
7.882353067398071289e-01
-6.784313917160034180e-01
3.803921639919281006e-01
-1.843137294054031372e-01
-1.607843190431594849e-01
3.647058904170989990e-01
-6.627451181411743164e-01
7.803921699523925781e-01
-9.686274528503417969e-01
9.372549057006835938e-01
-9.764705896377563477e-01
7.882353067398071289e-01
-6.784313917160034180e-01
3.725490272045135498e-01
-1.843137294054031372e-01
-1.686274558305740356e-01
3.568627536296844482e-01
-6.705882549285888672e-01
7.725490331649780273e-01
-9.686274528503417969e-01
9.294117689132690430e-01
-9.686274528503417969e-01
7.803921699523925781e-01
-6.862745285034179688e-01
3.725490272045135498e-01
-1.843137294054031372e-01
-1.686274558305740356e-01
3.568627536296844482e-01
-6.705882549285888672e-01
7.803921699523925781e-01
-9.686274528503417969e-01
9.372549057006835938e-01
-9.764705896377563477e-01
7.882353067398071289e-01
-6.784313917160034180e-01
3.725490272045135498e-01
-1.843137294054031372e-01
-1.686274558305740356e-01
3.647058904170989990e-01
-6.705882549285888672e-01
7.725490331649780273e-01
-9.686274528503417969e-01
9.372549057006835938e-01
-9.686274528503417969e-01
7.882353067398071289e-01
-6.784313917160034180e-01
3.725490272045135498e-01
-1.843137294054031372e-01
-1.686274558305740356e-01
3.568627536296844482e-01
-6.627451181411743164e-01
7.803921699523925781e-01
-9.686274528503417969e-01
9.372549057006835938e-01
-9.686274528503417969e-01
7.803921699523925781e-01
-6.784313917160034180e-01
3.803921639919281006e-01
-1.843137294054031372e-01
-1.686274558305740356e-01
3.647058904170989990e-01
-6.627451181411743164e-01
7.725490331649780273e-01
-9.686274528503417969e-01
9.372549057006835938e-01
-9.686274528503417969e-01
7.882353067398071289e-01
-6.784313917160034180e-01
3.725490272045135498e-01
-1.843137294054031372e-01
-1.686274558305740356e-01
3.647058904170989990e-01
-6.627451181411743164e-01
7.803921699523925781e-01
-9.607843160629272461e-01
9.372549057006835938e-01
-9.686274528503417969e-01
7.882353067398071289e-01
-6.784313917160034180e-01
3.725490272045135498e-01
-1.843137294054031372e-01
-1.686274558305740356e-01
3.568627536296844482e-01
-6.627451181411743164e-01
7.803921699523925781e-01
-9.686274528503417969e-01
9.372549057006835938e-01
-9.686274528503417969e-01
7.882353067398071289e-01
-6.784313917160034180e-01
3.725490272045135498e-01
-1.764705926179885864e-01
-1.686274558305740356e-01
3.647058904170989990e-01
-6.705882549285888672e-01
7.725490331649780273e-01
-9.607843160629272461e-01
9.372549057006835938e-01
-9.686274528503417969e-01
7.803921699523925781e-01
-6.784313917160034180e-01
3.725490272045135498e-01
-1.843137294054031372e-01
-1.686274558305740356e-01
3.568627536296844482e-01
-6.705882549285888672e-01
7.803921699523925781e-01
-9.686274528503417969e-01
9.294117689132690430e-01
-9.686274528503417969e-01
7.803921699523925781e-01
-6.784313917160034180e-01
3.725490272045135498e-01
-1.843137294054031372e-01
-1.686274558305740356e-01
3.568627536296844482e-01
-6.705882549285888672e-01
7.803921699523925781e-01
-9.607843160629272461e-01
9.372549057006835938e-01
-9.686274528503417969e-01
7.803921699523925781e-01
-6.784313917160034180e-01
3.725490272045135498e-01
-1.843137294054031372e-01
-1.686274558305740356e-01
3.568627536296844482e-01
-6.705882549285888672e-01
7.803921699523925781e-01
-9.686274528503417969e-01
9.294117689132690430e-01
-9.686274528503417969e-01
7.803921699523925781e-01
-6.784313917160034180e-01
3.725490272045135498e-01
-1.764705926179885864e-01
-1.686274558305740356e-01
3.647058904170989990e-01
-6.705882549285888672e-01
7.725490331649780273e-01
-9.607843160629272461e-01
9.372549057006835938e-01
-9.686274528503417969e-01
7.803921699523925781e-01
-6.784313917160034180e-01
3.725490272045135498e-01
-1.764705926179885864e-01
-1.686274558305740356e-01
3.647058904170989990e-01
-6.705882549285888672e-01
7.803921699523925781e-01
-9.686274528503417969e-01
9.372549057006835938e-01
-9.686274528503417969e-01
7.803921699523925781e-01
-6.784313917160034180e-01
3.725490272045135498e-01
-1.764705926179885864e-01
-1.686274558305740356e-01
3.647058904170989990e-01
-6.705882549285888672e-01
7.803921699523925781e-01
-9.686274528503417969e-01
9.372549057006835938e-01
-9.686274528503417969e-01
7.803921699523925781e-01
-6.784313917160034180e-01
3.725490272045135498e-01
-1.843137294054031372e-01
-1.686274558305740356e-01
3.647058904170989990e-01
-6.705882549285888672e-01
7.803921699523925781e-01
-9.607843160629272461e-01
9.294117689132690430e-01
-9.686274528503417969e-01
7.803921699523925781e-01
-6.705882549285888672e-01
3.725490272045135498e-01
-1.843137294054031372e-01
-1.686274558305740356e-01
3.568627536296844482e-01
-6.705882549285888672e-01
7.803921699523925781e-01
-9.686274528503417969e-01
9.294117689132690430e-01
-9.686274528503417969e-01
7.803921699523925781e-01
-6.784313917160034180e-01
3.725490272045135498e-01
-1.843137294054031372e-01
-1.686274558305740356e-01
3.647058904170989990e-01
-6.705882549285888672e-01
7.725490331649780273e-01
-9.686274528503417969e-01
9.294117689132690430e-01
-9.686274528503417969e-01
7.803921699523925781e-01
-6.784313917160034180e-01
3.725490272045135498e-01
-1.764705926179885864e-01
-1.686274558305740356e-01
3.647058904170989990e-01
-6.705882549285888672e-01
7.725490331649780273e-01
-9.607843160629272461e-01
9.372549057006835938e-01
-9.686274528503417969e-01
7.803921699523925781e-01
-6.705882549285888672e-01
3.725490272045135498e-01
-1.764705926179885864e-01
-1.686274558305740356e-01
3.647058904170989990e-01
-6.705882549285888672e-01
7.803921699523925781e-01
-9.607843160629272461e-01
9.372549057006835938e-01
-9.686274528503417969e-01
7.803921699523925781e-01
-6.705882549285888672e-01
3.725490272045135498e-01
-1.764705926179885864e-01
-1.686274558305740356e-01
3.647058904170989990e-01
-6.705882549285888672e-01
7.803921699523925781e-01
-9.607843160629272461e-01
9.372549057006835938e-01
-9.686274528503417969e-01
7.803921699523925781e-01
-6.705882549285888672e-01
3.725490272045135498e-01
-1.764705926179885864e-01
-1.686274558305740356e-01
3.647058904170989990e-01
-6.705882549285888672e-01
7.725490331649780273e-01
-9.607843160629272461e-01
9.294117689132690430e-01
-9.686274528503417969e-01
7.803921699523925781e-01
-6.705882549285888672e-01
3.647058904170989990e-01
-1.764705926179885864e-01
-1.686274558305740356e-01
3.647058904170989990e-01
-6.705882549285888672e-01
7.725490331649780273e-01
-9.686274528503417969e-01
9.294117689132690430e-01
-9.686274528503417969e-01
7.803921699523925781e-01
-6.705882549285888672e-01
3.725490272045135498e-01
-1.764705926179885864e-01
-1.764705926179885864e-01
3.647058904170989990e-01
-6.705882549285888672e-01
7.725490331649780273e-01
-9.686274528503417969e-01
9.294117689132690430e-01
-9.686274528503417969e-01
7.803921699523925781e-01
-6.784313917160034180e-01
3.647058904170989990e-01
-1.764705926179885864e-01
-1.764705926179885864e-01
3.647058904170989990e-01
-6.705882549285888672e-01
7.725490331649780273e-01
-9.686274528503417969e-01
9.294117689132690430e-01
-9.686274528503417969e-01
7.803921699523925781e-01
-6.784313917160034180e-01
3.725490272045135498e-01
-1.764705926179885864e-01
-1.764705926179885864e-01
3.647058904170989990e-01
-6.705882549285888672e-01
7.803921699523925781e-01
-9.686274528503417969e-01
9.294117689132690430e-01
-9.686274528503417969e-01
7.803921699523925781e-01
-6.705882549285888672e-01
3.647058904170989990e-01
-1.764705926179885864e-01
-1.686274558305740356e-01
3.647058904170989990e-01
-6.705882549285888672e-01
7.803921699523925781e-01
-9.607843160629272461e-01
9.294117689132690430e-01
-9.686274528503417969e-01
7.803921699523925781e-01
-6.705882549285888672e-01
3.725490272045135498e-01
-1.764705926179885864e-01
-1.686274558305740356e-01
3.647058904170989990e-01
-6.705882549285888672e-01
7.803921699523925781e-01
-9.686274528503417969e-01
9.372549057006835938e-01
-9.686274528503417969e-01
7.803921699523925781e-01
-6.705882549285888672e-01
3.647058904170989990e-01
-1.764705926179885864e-01
-1.686274558305740356e-01
3.647058904170989990e-01
-6.705882549285888672e-01
7.803921699523925781e-01
-9.686274528503417969e-01
9.294117689132690430e-01
-9.686274528503417969e-01
7.803921699523925781e-01
-6.705882549285888672e-01
3.725490272045135498e-01
-1.764705926179885864e-01
-1.686274558305740356e-01
3.647058904170989990e-01
-6.705882549285888672e-01
7.803921699523925781e-01
-9.686274528503417969e-01
9.372549057006835938e-01
-9.686274528503417969e-01
7.803921699523925781e-01
-6.705882549285888672e-01
3.647058904170989990e-01
-1.764705926179885864e-01
-1.764705926179885864e-01
3.647058904170989990e-01
-6.705882549285888672e-01
7.803921699523925781e-01
-9.686274528503417969e-01
9.294117689132690430e-01
-9.686274528503417969e-01
7.803921699523925781e-01
-6.705882549285888672e-01
3.647058904170989990e-01
-1.764705926179885864e-01
-1.764705926179885864e-01
3.647058904170989990e-01
-6.705882549285888672e-01
7.725490331649780273e-01
-9.686274528503417969e-01
9.294117689132690430e-01
-9.686274528503417969e-01
7.803921699523925781e-01
-6.705882549285888672e-01
3.647058904170989990e-01
-1.764705926179885864e-01
-1.764705926179885864e-01
3.647058904170989990e-01
-6.705882549285888672e-01
7.725490331649780273e-01
-9.686274528503417969e-01
9.294117689132690430e-01
-9.686274528503417969e-01
7.803921699523925781e-01
-6.705882549285888672e-01
3.647058904170989990e-01
-1.764705926179885864e-01
-1.764705926179885864e-01
3.725490272045135498e-01
-6.705882549285888672e-01
7.803921699523925781e-01
-9.686274528503417969e-01
9.372549057006835938e-01
-9.686274528503417969e-01
7.803921699523925781e-01
-6.705882549285888672e-01
3.647058904170989990e-01
-1.764705926179885864e-01
-1.764705926179885864e-01
3.647058904170989990e-01
-6.705882549285888672e-01
7.803921699523925781e-01
-9.686274528503417969e-01
9.372549057006835938e-01
-9.686274528503417969e-01
7.803921699523925781e-01
-6.705882549285888672e-01
3.647058904170989990e-01
-1.764705926179885864e-01
-1.764705926179885864e-01
3.647058904170989990e-01
-6.705882549285888672e-01
7.803921699523925781e-01
-9.686274528503417969e-01
9.372549057006835938e-01
-9.686274528503417969e-01
7.803921699523925781e-01
-6.705882549285888672e-01
3.647058904170989990e-01
-1.686274558305740356e-01
-1.764705926179885864e-01
3.647058904170989990e-01
-6.705882549285888672e-01
7.803921699523925781e-01
-9.607843160629272461e-01
9.294117689132690430e-01
-9.607843160629272461e-01
7.803921699523925781e-01
-6.705882549285888672e-01
3.647058904170989990e-01
-1.764705926179885864e-01
-1.764705926179885864e-01
3.647058904170989990e-01
-6.705882549285888672e-01
7.803921699523925781e-01
-9.686274528503417969e-01
9.294117689132690430e-01
-9.686274528503417969e-01
7.725490331649780273e-01
-6.705882549285888672e-01
3.647058904170989990e-01
-1.764705926179885864e-01
-1.764705926179885864e-01
3.647058904170989990e-01
-6.705882549285888672e-01
7.803921699523925781e-01
-9.686274528503417969e-01
9.294117689132690430e-01
-9.686274528503417969e-01
7.725490331649780273e-01
-6.705882549285888672e-01
3.647058904170989990e-01
-1.764705926179885864e-01
-1.764705926179885864e-01
3.647058904170989990e-01
-6.705882549285888672e-01
7.803921699523925781e-01
-9.686274528503417969e-01
9.294117689132690430e-01
-9.686274528503417969e-01
7.803921699523925781e-01
-6.705882549285888672e-01
3.647058904170989990e-01
-1.686274558305740356e-01
-1.764705926179885864e-01
3.647058904170989990e-01
-6.705882549285888672e-01
7.803921699523925781e-01
-9.686274528503417969e-01
9.372549057006835938e-01
-9.607843160629272461e-01
7.803921699523925781e-01
-6.705882549285888672e-01
3.647058904170989990e-01
-1.764705926179885864e-01
-1.764705926179885864e-01
3.725490272045135498e-01
-6.784313917160034180e-01
7.803921699523925781e-01
-9.686274528503417969e-01
9.372549057006835938e-01
-9.607843160629272461e-01
7.803921699523925781e-01
-6.705882549285888672e-01
3.647058904170989990e-01
-1.686274558305740356e-01
-1.764705926179885864e-01
3.647058904170989990e-01
-6.705882549285888672e-01
7.803921699523925781e-01
-9.686274528503417969e-01
9.294117689132690430e-01
-9.607843160629272461e-01
7.803921699523925781e-01
-6.705882549285888672e-01
3.647058904170989990e-01
-1.686274558305740356e-01
-1.764705926179885864e-01
3.647058904170989990e-01
-6.705882549285888672e-01
7.803921699523925781e-01
-9.686274528503417969e-01
9.372549057006835938e-01
-9.686274528503417969e-01
7.803921699523925781e-01
-6.705882549285888672e-01
3.647058904170989990e-01
-1.764705926179885864e-01
-1.764705926179885864e-01
3.647058904170989990e-01
-6.784313917160034180e-01
7.803921699523925781e-01
-9.686274528503417969e-01
9.294117689132690430e-01
-9.686274528503417969e-01
7.803921699523925781e-01
-6.705882549285888672e-01
3.647058904170989990e-01
-1.764705926179885864e-01
-1.764705926179885864e-01
3.647058904170989990e-01
-6.784313917160034180e-01
7.803921699523925781e-01
-9.686274528503417969e-01
9.294117689132690430e-01
-9.686274528503417969e-01
7.803921699523925781e-01
-6.705882549285888672e-01
3.647058904170989990e-01
-1.686274558305740356e-01
-1.764705926179885864e-01
3.647058904170989990e-01
-6.784313917160034180e-01
7.803921699523925781e-01
-9.686274528503417969e-01
9.294117689132690430e-01
-9.686274528503417969e-01
7.803921699523925781e-01
-6.705882549285888672e-01
3.647058904170989990e-01
-1.686274558305740356e-01
-1.764705926179885864e-01
3.725490272045135498e-01
-6.705882549285888672e-01
7.803921699523925781e-01
-9.686274528503417969e-01
9.294117689132690430e-01
-9.607843160629272461e-01
7.803921699523925781e-01
-6.627451181411743164e-01
3.647058904170989990e-01
-1.686274558305740356e-01
-1.764705926179885864e-01
3.725490272045135498e-01
-6.705882549285888672e-01
7.803921699523925781e-01
-9.686274528503417969e-01
9.372549057006835938e-01
-9.607843160629272461e-01
7.803921699523925781e-01
-6.705882549285888672e-01
3.647058904170989990e-01
-1.686274558305740356e-01
-1.764705926179885864e-01
3.725490272045135498e-01
-6.705882549285888672e-01
7.803921699523925781e-01
-9.686274528503417969e-01
9.372549057006835938e-01
-9.607843160629272461e-01
7.725490331649780273e-01
-6.705882549285888672e-01
3.647058904170989990e-01
-1.686274558305740356e-01
-1.764705926179885864e-01
3.647058904170989990e-01
-6.705882549285888672e-01
7.803921699523925781e-01
-9.686274528503417969e-01
9.294117689132690430e-01
-9.686274528503417969e-01
7.803921699523925781e-01
-6.705882549285888672e-01
3.647058904170989990e-01
-1.686274558305740356e-01
-1.764705926179885864e-01
3.725490272045135498e-01
-6.784313917160034180e-01
7.803921699523925781e-01
-9.686274528503417969e-01
9.294117689132690430e-01
-9.686274528503417969e-01
7.725490331649780273e-01
-6.705882549285888672e-01
3.568627536296844482e-01
-1.686274558305740356e-01
-1.843137294054031372e-01
3.647058904170989990e-01
-6.784313917160034180e-01
7.803921699523925781e-01
-9.686274528503417969e-01
9.294117689132690430e-01
-9.686274528503417969e-01
7.725490331649780273e-01
-6.627451181411743164e-01
3.647058904170989990e-01
-1.686274558305740356e-01
-1.764705926179885864e-01
3.725490272045135498e-01
-6.784313917160034180e-01
7.803921699523925781e-01
-9.686274528503417969e-01
9.294117689132690430e-01
-9.686274528503417969e-01
7.725490331649780273e-01
-6.705882549285888672e-01
3.647058904170989990e-01
-1.686274558305740356e-01
-1.764705926179885864e-01
3.725490272045135498e-01
-6.784313917160034180e-01
7.803921699523925781e-01
-9.686274528503417969e-01
9.294117689132690430e-01
-9.686274528503417969e-01
7.725490331649780273e-01
-6.705882549285888672e-01
3.647058904170989990e-01
-1.686274558305740356e-01
-1.843137294054031372e-01
3.725490272045135498e-01
-6.784313917160034180e-01
7.882353067398071289e-01
-9.686274528503417969e-01
9.372549057006835938e-01
-9.686274528503417969e-01
7.803921699523925781e-01
-6.705882549285888672e-01
3.647058904170989990e-01
-1.686274558305740356e-01
-1.764705926179885864e-01
3.725490272045135498e-01
-6.784313917160034180e-01
7.803921699523925781e-01
-9.686274528503417969e-01
9.372549057006835938e-01
-9.607843160629272461e-01
7.725490331649780273e-01
-6.627451181411743164e-01
3.568627536296844482e-01
-1.686274558305740356e-01
-1.764705926179885864e-01
3.725490272045135498e-01
-6.784313917160034180e-01
7.803921699523925781e-01
-9.686274528503417969e-01
9.372549057006835938e-01
-9.607843160629272461e-01
7.725490331649780273e-01
-6.705882549285888672e-01
3.568627536296844482e-01
-1.686274558305740356e-01
-1.764705926179885864e-01
3.725490272045135498e-01
-6.784313917160034180e-01
7.803921699523925781e-01
-9.686274528503417969e-01
9.294117689132690430e-01
-9.686274528503417969e-01
7.725490331649780273e-01
-6.705882549285888672e-01
3.568627536296844482e-01
-1.686274558305740356e-01
-1.843137294054031372e-01
3.725490272045135498e-01
-6.784313917160034180e-01
7.803921699523925781e-01
-9.686274528503417969e-01
9.294117689132690430e-01
-9.607843160629272461e-01
7.725490331649780273e-01
-6.705882549285888672e-01
3.568627536296844482e-01
-1.686274558305740356e-01
-1.843137294054031372e-01
3.725490272045135498e-01
-6.784313917160034180e-01
7.803921699523925781e-01
-9.686274528503417969e-01
9.294117689132690430e-01
-9.607843160629272461e-01
7.803921699523925781e-01
-6.627451181411743164e-01
3.568627536296844482e-01
-1.686274558305740356e-01
-1.843137294054031372e-01
3.725490272045135498e-01
-6.784313917160034180e-01
7.803921699523925781e-01
-9.686274528503417969e-01
9.372549057006835938e-01
-9.607843160629272461e-01
7.725490331649780273e-01
-6.627451181411743164e-01
3.568627536296844482e-01
-1.686274558305740356e-01
-1.843137294054031372e-01
3.725490272045135498e-01
-6.784313917160034180e-01
7.803921699523925781e-01
-9.686274528503417969e-01
9.294117689132690430e-01
-9.686274528503417969e-01
7.725490331649780273e-01
-6.627451181411743164e-01
3.568627536296844482e-01
-1.686274558305740356e-01
-1.843137294054031372e-01
3.725490272045135498e-01
-6.784313917160034180e-01
7.803921699523925781e-01
-9.686274528503417969e-01
9.294117689132690430e-01
-9.607843160629272461e-01
7.725490331649780273e-01
-6.627451181411743164e-01
3.568627536296844482e-01
-1.686274558305740356e-01
-1.843137294054031372e-01
3.725490272045135498e-01
-6.705882549285888672e-01
7.803921699523925781e-01
-9.686274528503417969e-01
9.294117689132690430e-01
-9.607843160629272461e-01
7.725490331649780273e-01
-6.627451181411743164e-01
3.568627536296844482e-01
-1.686274558305740356e-01
-1.843137294054031372e-01
3.725490272045135498e-01
-6.784313917160034180e-01
7.803921699523925781e-01
-9.686274528503417969e-01
9.294117689132690430e-01
-9.686274528503417969e-01
7.725490331649780273e-01
-6.627451181411743164e-01
3.568627536296844482e-01
-1.686274558305740356e-01
-1.843137294054031372e-01
3.725490272045135498e-01
-6.784313917160034180e-01
7.803921699523925781e-01
-9.686274528503417969e-01
9.294117689132690430e-01
-9.686274528503417969e-01
7.725490331649780273e-01
-6.627451181411743164e-01
3.568627536296844482e-01
-1.686274558305740356e-01
-1.843137294054031372e-01
3.725490272045135498e-01
-6.784313917160034180e-01
7.803921699523925781e-01
-9.686274528503417969e-01
9.294117689132690430e-01
-9.607843160629272461e-01
7.725490331649780273e-01
-6.627451181411743164e-01
3.568627536296844482e-01
-1.686274558305740356e-01
-1.843137294054031372e-01
3.725490272045135498e-01
-6.784313917160034180e-01
7.882353067398071289e-01
-9.686274528503417969e-01
9.372549057006835938e-01
-9.607843160629272461e-01
7.725490331649780273e-01
-6.627451181411743164e-01
3.568627536296844482e-01
-1.607843190431594849e-01
-1.843137294054031372e-01
3.725490272045135498e-01
-6.784313917160034180e-01
7.803921699523925781e-01
-9.686274528503417969e-01
9.372549057006835938e-01
-9.607843160629272461e-01
7.725490331649780273e-01
-6.627451181411743164e-01
3.568627536296844482e-01
-1.607843190431594849e-01
-1.843137294054031372e-01
3.725490272045135498e-01
-6.784313917160034180e-01
7.882353067398071289e-01
-9.686274528503417969e-01
9.294117689132690430e-01
-9.607843160629272461e-01
7.725490331649780273e-01
-6.627451181411743164e-01
3.568627536296844482e-01
-1.607843190431594849e-01
-1.843137294054031372e-01
3.725490272045135498e-01
-6.784313917160034180e-01
7.882353067398071289e-01
-9.686274528503417969e-01
9.294117689132690430e-01
-9.607843160629272461e-01
7.725490331649780273e-01
-6.627451181411743164e-01
3.568627536296844482e-01
-1.607843190431594849e-01
-1.843137294054031372e-01
3.725490272045135498e-01
-6.784313917160034180e-01
7.803921699523925781e-01
-9.686274528503417969e-01
9.294117689132690430e-01
-9.607843160629272461e-01
7.725490331649780273e-01
-6.627451181411743164e-01
3.568627536296844482e-01
-1.686274558305740356e-01
-1.843137294054031372e-01
3.725490272045135498e-01
-6.784313917160034180e-01
7.882353067398071289e-01
-9.686274528503417969e-01
9.294117689132690430e-01
-9.607843160629272461e-01
7.725490331649780273e-01
-6.627451181411743164e-01
3.568627536296844482e-01
-1.607843190431594849e-01
-1.843137294054031372e-01
3.725490272045135498e-01
-6.784313917160034180e-01
7.882353067398071289e-01
-9.686274528503417969e-01
9.372549057006835938e-01
-9.607843160629272461e-01
7.725490331649780273e-01
-6.627451181411743164e-01
3.568627536296844482e-01
-1.607843190431594849e-01
-1.843137294054031372e-01
3.725490272045135498e-01
-6.784313917160034180e-01
7.882353067398071289e-01
-9.686274528503417969e-01
9.294117689132690430e-01
-9.686274528503417969e-01
7.725490331649780273e-01
-6.627451181411743164e-01
3.568627536296844482e-01
-1.607843190431594849e-01
-1.843137294054031372e-01
3.803921639919281006e-01
-6.784313917160034180e-01
7.803921699523925781e-01
-9.686274528503417969e-01
9.372549057006835938e-01
-9.607843160629272461e-01
7.725490331649780273e-01
-6.627451181411743164e-01
3.568627536296844482e-01
-1.686274558305740356e-01
-1.843137294054031372e-01
3.725490272045135498e-01
-6.862745285034179688e-01
7.803921699523925781e-01
-9.686274528503417969e-01
9.294117689132690430e-01
-9.686274528503417969e-01
7.725490331649780273e-01
-6.627451181411743164e-01
3.568627536296844482e-01
-1.686274558305740356e-01
-1.843137294054031372e-01
3.803921639919281006e-01
-6.784313917160034180e-01
7.882353067398071289e-01
-9.686274528503417969e-01
9.294117689132690430e-01
-9.686274528503417969e-01
7.725490331649780273e-01
-6.627451181411743164e-01
3.568627536296844482e-01
-1.607843190431594849e-01
-1.921568661928176880e-01
3.725490272045135498e-01
-6.862745285034179688e-01
7.803921699523925781e-01
-9.764705896377563477e-01
9.294117689132690430e-01
-9.686274528503417969e-01
7.725490331649780273e-01
-6.627451181411743164e-01
3.568627536296844482e-01
-1.686274558305740356e-01
-1.843137294054031372e-01
3.725490272045135498e-01
-6.862745285034179688e-01
7.882353067398071289e-01
-9.686274528503417969e-01
9.294117689132690430e-01
-9.686274528503417969e-01
7.725490331649780273e-01
-6.627451181411743164e-01
3.568627536296844482e-01
-1.607843190431594849e-01
-1.921568661928176880e-01
3.725490272045135498e-01
-6.784313917160034180e-01
7.803921699523925781e-01
-9.686274528503417969e-01
9.294117689132690430e-01
-9.686274528503417969e-01
7.725490331649780273e-01
-6.627451181411743164e-01
3.568627536296844482e-01
-1.607843190431594849e-01
-1.843137294054031372e-01
3.803921639919281006e-01
-6.784313917160034180e-01
7.882353067398071289e-01
-9.686274528503417969e-01
9.372549057006835938e-01
-9.607843160629272461e-01
7.725490331649780273e-01
-6.627451181411743164e-01
3.568627536296844482e-01
-1.607843190431594849e-01
-1.843137294054031372e-01
3.803921639919281006e-01
-6.784313917160034180e-01
7.882353067398071289e-01
-9.686274528503417969e-01
9.372549057006835938e-01
-9.607843160629272461e-01
7.725490331649780273e-01
-6.627451181411743164e-01
3.568627536296844482e-01
-1.607843190431594849e-01
-1.843137294054031372e-01
3.803921639919281006e-01
-6.784313917160034180e-01
7.882353067398071289e-01
-9.686274528503417969e-01
9.372549057006835938e-01
-9.607843160629272461e-01
7.725490331649780273e-01
-6.627451181411743164e-01
3.568627536296844482e-01
-1.607843190431594849e-01
-1.843137294054031372e-01
3.803921639919281006e-01
-6.784313917160034180e-01
7.882353067398071289e-01
-9.686274528503417969e-01
9.372549057006835938e-01
-9.607843160629272461e-01
7.725490331649780273e-01
-6.627451181411743164e-01
3.568627536296844482e-01
-1.607843190431594849e-01
-1.843137294054031372e-01
3.803921639919281006e-01
-6.862745285034179688e-01
7.882353067398071289e-01
-9.686274528503417969e-01
9.294117689132690430e-01
-9.607843160629272461e-01
7.725490331649780273e-01
-6.627451181411743164e-01
3.490196168422698975e-01
-1.607843190431594849e-01
-1.843137294054031372e-01
3.803921639919281006e-01
-6.862745285034179688e-01
7.882353067398071289e-01
-9.764705896377563477e-01
9.294117689132690430e-01
-9.607843160629272461e-01
7.725490331649780273e-01
-6.627451181411743164e-01
3.490196168422698975e-01
-1.607843190431594849e-01
-1.843137294054031372e-01
3.803921639919281006e-01
-6.784313917160034180e-01
7.882353067398071289e-01
-9.686274528503417969e-01
9.372549057006835938e-01
-9.607843160629272461e-01
7.725490331649780273e-01
-6.627451181411743164e-01
3.568627536296844482e-01
-1.607843190431594849e-01
-1.843137294054031372e-01
3.803921639919281006e-01
-6.862745285034179688e-01
7.882353067398071289e-01
-9.686274528503417969e-01
9.372549057006835938e-01
-9.686274528503417969e-01
7.725490331649780273e-01
-6.627451181411743164e-01
3.568627536296844482e-01
-1.607843190431594849e-01
-1.843137294054031372e-01
3.803921639919281006e-01
-6.862745285034179688e-01
7.882353067398071289e-01
-9.686274528503417969e-01
9.372549057006835938e-01
-9.607843160629272461e-01
7.725490331649780273e-01
-6.627451181411743164e-01
3.568627536296844482e-01
-1.607843190431594849e-01
-1.843137294054031372e-01
3.803921639919281006e-01
-6.784313917160034180e-01
7.882353067398071289e-01
-9.686274528503417969e-01
9.372549057006835938e-01
-9.607843160629272461e-01
7.725490331649780273e-01
-6.627451181411743164e-01
3.490196168422698975e-01
-1.607843190431594849e-01
-1.921568661928176880e-01
3.803921639919281006e-01
-6.784313917160034180e-01
7.882353067398071289e-01
-9.686274528503417969e-01
9.372549057006835938e-01
-9.607843160629272461e-01
7.725490331649780273e-01
-6.549019813537597656e-01
3.568627536296844482e-01
-1.607843190431594849e-01
-1.843137294054031372e-01
3.803921639919281006e-01
-6.784313917160034180e-01
7.882353067398071289e-01
-9.686274528503417969e-01
9.294117689132690430e-01
-9.607843160629272461e-01
7.725490331649780273e-01
-6.627451181411743164e-01
3.490196168422698975e-01
-1.607843190431594849e-01
-1.921568661928176880e-01
3.803921639919281006e-01
-6.862745285034179688e-01
7.882353067398071289e-01
-9.686274528503417969e-01
9.294117689132690430e-01
-9.607843160629272461e-01
7.647058963775634766e-01
-6.627451181411743164e-01
3.490196168422698975e-01
-1.607843190431594849e-01
-1.921568661928176880e-01
3.803921639919281006e-01
-6.784313917160034180e-01
7.882353067398071289e-01
-9.686274528503417969e-01
9.372549057006835938e-01
-9.607843160629272461e-01
7.725490331649780273e-01
-6.627451181411743164e-01
3.490196168422698975e-01
-1.607843190431594849e-01
-1.921568661928176880e-01
3.803921639919281006e-01
-6.862745285034179688e-01
7.882353067398071289e-01
-9.686274528503417969e-01
9.294117689132690430e-01
-9.607843160629272461e-01
7.725490331649780273e-01
-6.549019813537597656e-01
3.490196168422698975e-01
-1.607843190431594849e-01
-1.921568661928176880e-01
3.803921639919281006e-01
-6.784313917160034180e-01
7.882353067398071289e-01
-9.686274528503417969e-01
9.372549057006835938e-01
-9.607843160629272461e-01
7.725490331649780273e-01
-6.549019813537597656e-01
3.490196168422698975e-01
-1.607843190431594849e-01
-1.921568661928176880e-01
3.803921639919281006e-01
-6.784313917160034180e-01
7.882353067398071289e-01
-9.686274528503417969e-01
9.294117689132690430e-01
-9.607843160629272461e-01
7.725490331649780273e-01
-6.549019813537597656e-01
3.490196168422698975e-01
-1.529411822557449341e-01
-1.921568661928176880e-01
3.803921639919281006e-01
-6.862745285034179688e-01
7.882353067398071289e-01
-9.686274528503417969e-01
9.372549057006835938e-01
-9.607843160629272461e-01
7.725490331649780273e-01
-6.549019813537597656e-01
3.490196168422698975e-01
-1.529411822557449341e-01
-1.921568661928176880e-01
3.803921639919281006e-01
-6.862745285034179688e-01
7.882353067398071289e-01
-9.686274528503417969e-01
9.294117689132690430e-01
-9.607843160629272461e-01
7.725490331649780273e-01
-6.627451181411743164e-01
3.490196168422698975e-01
-1.607843190431594849e-01
-1.921568661928176880e-01
3.803921639919281006e-01
-6.862745285034179688e-01
7.803921699523925781e-01
-9.686274528503417969e-01
9.294117689132690430e-01
-9.607843160629272461e-01
7.647058963775634766e-01
-6.627451181411743164e-01
3.490196168422698975e-01
-1.607843190431594849e-01
-2.000000029802322388e-01
3.803921639919281006e-01
-6.862745285034179688e-01
7.882353067398071289e-01
-9.686274528503417969e-01
9.294117689132690430e-01
-9.607843160629272461e-01
7.647058963775634766e-01
-6.549019813537597656e-01
3.490196168422698975e-01
-1.607843190431594849e-01
-1.921568661928176880e-01
3.803921639919281006e-01
-6.784313917160034180e-01
7.882353067398071289e-01
-9.686274528503417969e-01
9.294117689132690430e-01
-9.607843160629272461e-01
7.725490331649780273e-01
-6.549019813537597656e-01
3.490196168422698975e-01
-1.607843190431594849e-01
-1.921568661928176880e-01
3.803921639919281006e-01
-6.784313917160034180e-01
7.882353067398071289e-01
-9.686274528503417969e-01
9.294117689132690430e-01
-9.607843160629272461e-01
7.725490331649780273e-01
-6.549019813537597656e-01
3.490196168422698975e-01
-1.607843190431594849e-01
-1.921568661928176880e-01
3.882353007793426514e-01
-6.862745285034179688e-01
7.882353067398071289e-01
-9.764705896377563477e-01
9.294117689132690430e-01
-9.607843160629272461e-01
7.725490331649780273e-01
-6.549019813537597656e-01
3.490196168422698975e-01
-1.607843190431594849e-01
-1.921568661928176880e-01
3.882353007793426514e-01
-6.862745285034179688e-01
7.803921699523925781e-01
-9.686274528503417969e-01
9.450980424880981445e-01
-9.607843160629272461e-01
7.647058963775634766e-01
-6.470588445663452148e-01
3.490196168422698975e-01
-1.529411822557449341e-01
-1.921568661928176880e-01
3.960784375667572021e-01
-6.784313917160034180e-01
7.803921699523925781e-01
-9.686274528503417969e-01
9.294117689132690430e-01
-9.607843160629272461e-01
7.725490331649780273e-01
-6.549019813537597656e-01
3.490196168422698975e-01
-1.529411822557449341e-01
-1.921568661928176880e-01
3.803921639919281006e-01
-6.862745285034179688e-01
7.882353067398071289e-01
-9.764705896377563477e-01
9.294117689132690430e-01
-9.607843160629272461e-01
7.647058963775634766e-01
-6.549019813537597656e-01
3.490196168422698975e-01
-1.529411822557449341e-01
-1.921568661928176880e-01
3.803921639919281006e-01
-6.862745285034179688e-01
7.882353067398071289e-01
-9.686274528503417969e-01
9.294117689132690430e-01
-9.607843160629272461e-01
7.647058963775634766e-01
-6.627451181411743164e-01
3.490196168422698975e-01
-1.529411822557449341e-01
-2.000000029802322388e-01
3.803921639919281006e-01
-6.941176652908325195e-01
7.882353067398071289e-01
-9.686274528503417969e-01
9.294117689132690430e-01
-9.607843160629272461e-01
7.647058963775634766e-01
-6.549019813537597656e-01
3.490196168422698975e-01
-1.529411822557449341e-01
-1.921568661928176880e-01
3.803921639919281006e-01
-6.862745285034179688e-01
7.882353067398071289e-01
-9.686274528503417969e-01
9.294117689132690430e-01
-9.607843160629272461e-01
7.647058963775634766e-01
-6.549019813537597656e-01
3.490196168422698975e-01
-1.529411822557449341e-01
-1.921568661928176880e-01
3.803921639919281006e-01
-6.862745285034179688e-01
7.882353067398071289e-01
-9.686274528503417969e-01
9.294117689132690430e-01
-9.607843160629272461e-01
7.647058963775634766e-01
-6.549019813537597656e-01
3.490196168422698975e-01
-1.529411822557449341e-01
-1.921568661928176880e-01
3.882353007793426514e-01
-6.862745285034179688e-01
7.882353067398071289e-01
-9.764705896377563477e-01
9.372549057006835938e-01
-9.529411792755126953e-01
7.647058963775634766e-01
-6.549019813537597656e-01
3.490196168422698975e-01
-1.529411822557449341e-01
-1.921568661928176880e-01
3.803921639919281006e-01
-6.705882549285888672e-01
7.882353067398071289e-01
-9.764705896377563477e-01
9.294117689132690430e-01
-9.607843160629272461e-01
7.647058963775634766e-01
-6.549019813537597656e-01
3.490196168422698975e-01
-1.529411822557449341e-01
-1.921568661928176880e-01
3.803921639919281006e-01
-6.862745285034179688e-01
7.882353067398071289e-01
-9.686274528503417969e-01
9.294117689132690430e-01
-9.607843160629272461e-01
7.647058963775634766e-01
-6.549019813537597656e-01
3.411764800548553467e-01
-1.529411822557449341e-01
-2.000000029802322388e-01
3.882353007793426514e-01
-6.862745285034179688e-01
7.882353067398071289e-01
-9.686274528503417969e-01
9.372549057006835938e-01
-9.607843160629272461e-01
7.647058963775634766e-01
-6.549019813537597656e-01
3.411764800548553467e-01
-1.450980454683303833e-01
-1.921568661928176880e-01
3.803921639919281006e-01
-6.862745285034179688e-01
7.882353067398071289e-01
-9.686274528503417969e-01
9.372549057006835938e-01
-9.607843160629272461e-01
7.647058963775634766e-01
-6.549019813537597656e-01
3.490196168422698975e-01
-1.450980454683303833e-01
-1.921568661928176880e-01
3.882353007793426514e-01
-6.862745285034179688e-01
7.882353067398071289e-01
-9.686274528503417969e-01
9.372549057006835938e-01
-9.607843160629272461e-01
7.647058963775634766e-01
-6.549019813537597656e-01
3.490196168422698975e-01
-1.450980454683303833e-01
-1.921568661928176880e-01
3.882353007793426514e-01
-6.862745285034179688e-01
7.882353067398071289e-01
-9.686274528503417969e-01
9.294117689132690430e-01
-9.529411792755126953e-01
7.647058963775634766e-01
-6.549019813537597656e-01
3.490196168422698975e-01
-1.529411822557449341e-01
-1.921568661928176880e-01
3.882353007793426514e-01
-6.862745285034179688e-01
7.882353067398071289e-01
-9.764705896377563477e-01
9.372549057006835938e-01
-9.529411792755126953e-01
7.647058963775634766e-01
-6.549019813537597656e-01
3.490196168422698975e-01
-1.529411822557449341e-01
-1.921568661928176880e-01
3.882353007793426514e-01
-6.784313917160034180e-01
7.882353067398071289e-01
-9.686274528503417969e-01
9.294117689132690430e-01
-9.607843160629272461e-01
7.647058963775634766e-01
-6.470588445663452148e-01
3.490196168422698975e-01
-1.529411822557449341e-01
-2.000000029802322388e-01
3.882353007793426514e-01
-6.862745285034179688e-01
7.882353067398071289e-01
-9.686274528503417969e-01
9.294117689132690430e-01
-9.607843160629272461e-01
7.647058963775634766e-01
-6.549019813537597656e-01
3.411764800548553467e-01
-1.529411822557449341e-01
-2.000000029802322388e-01
3.882353007793426514e-01
-6.862745285034179688e-01
7.882353067398071289e-01
-9.686274528503417969e-01
9.294117689132690430e-01
-9.607843160629272461e-01
7.647058963775634766e-01
-6.549019813537597656e-01
3.411764800548553467e-01
-1.529411822557449341e-01
-2.000000029802322388e-01
3.882353007793426514e-01
-6.862745285034179688e-01
7.882353067398071289e-01
-9.686274528503417969e-01
9.372549057006835938e-01
-9.607843160629272461e-01
7.647058963775634766e-01
-6.549019813537597656e-01
3.411764800548553467e-01
-1.529411822557449341e-01
-2.000000029802322388e-01
3.882353007793426514e-01
-6.862745285034179688e-01
7.882353067398071289e-01
-9.686274528503417969e-01
9.372549057006835938e-01
-9.607843160629272461e-01
7.647058963775634766e-01
-6.549019813537597656e-01
3.490196168422698975e-01
-1.529411822557449341e-01
-2.000000029802322388e-01
3.882353007793426514e-01
-6.862745285034179688e-01
7.960784435272216797e-01
-9.686274528503417969e-01
9.372549057006835938e-01
-9.607843160629272461e-01
7.647058963775634766e-01
-6.549019813537597656e-01
3.490196168422698975e-01
-1.450980454683303833e-01
-2.000000029802322388e-01
3.882353007793426514e-01
-6.862745285034179688e-01
7.882353067398071289e-01
-9.686274528503417969e-01
9.372549057006835938e-01
-9.607843160629272461e-01
7.647058963775634766e-01
-6.470588445663452148e-01
3.411764800548553467e-01
-1.450980454683303833e-01
-2.000000029802322388e-01
3.960784375667572021e-01
-6.862745285034179688e-01
7.882353067398071289e-01
-9.686274528503417969e-01
9.294117689132690430e-01
-9.607843160629272461e-01
7.647058963775634766e-01
-6.470588445663452148e-01
3.411764800548553467e-01
-1.529411822557449341e-01
-2.000000029802322388e-01
3.882353007793426514e-01
-6.862745285034179688e-01
7.882353067398071289e-01
-9.764705896377563477e-01
9.294117689132690430e-01
-9.607843160629272461e-01
7.647058963775634766e-01
-6.549019813537597656e-01
3.411764800548553467e-01
-1.529411822557449341e-01
-2.000000029802322388e-01
3.803921639919281006e-01
-6.941176652908325195e-01
7.960784435272216797e-01
-9.686274528503417969e-01
9.294117689132690430e-01
-9.607843160629272461e-01
7.568627595901489258e-01
-6.549019813537597656e-01
3.490196168422698975e-01
-1.450980454683303833e-01
-2.000000029802322388e-01
3.882353007793426514e-01
-6.941176652908325195e-01
7.882353067398071289e-01
-9.686274528503417969e-01
9.372549057006835938e-01
-9.607843160629272461e-01
7.647058963775634766e-01
-6.549019813537597656e-01
3.490196168422698975e-01
-1.450980454683303833e-01
-2.000000029802322388e-01
3.882353007793426514e-01
-6.941176652908325195e-01
7.960784435272216797e-01
-9.686274528503417969e-01
9.372549057006835938e-01
-9.607843160629272461e-01
7.647058963775634766e-01
-6.470588445663452148e-01
3.490196168422698975e-01
-1.450980454683303833e-01
-2.000000029802322388e-01
3.882353007793426514e-01
-6.862745285034179688e-01
7.960784435272216797e-01
-9.686274528503417969e-01
9.294117689132690430e-01
-9.607843160629272461e-01
7.647058963775634766e-01
-6.470588445663452148e-01
3.411764800548553467e-01
-1.450980454683303833e-01
-2.000000029802322388e-01
3.882353007793426514e-01
-6.941176652908325195e-01
7.960784435272216797e-01
-9.686274528503417969e-01
9.294117689132690430e-01
-9.607843160629272461e-01
7.647058963775634766e-01
-6.470588445663452148e-01
3.411764800548553467e-01
-1.529411822557449341e-01
-1.921568661928176880e-01
3.960784375667572021e-01
-6.941176652908325195e-01
7.882353067398071289e-01
-9.764705896377563477e-01
9.294117689132690430e-01
-9.607843160629272461e-01
7.647058963775634766e-01
-6.470588445663452148e-01
3.411764800548553467e-01
-1.529411822557449341e-01
-2.000000029802322388e-01
3.882353007793426514e-01
-6.941176652908325195e-01
7.882353067398071289e-01
-9.764705896377563477e-01
9.294117689132690430e-01
-9.607843160629272461e-01
7.647058963775634766e-01
-6.470588445663452148e-01
3.411764800548553467e-01
-1.450980454683303833e-01
-2.000000029802322388e-01
3.803921639919281006e-01
-6.941176652908325195e-01
7.960784435272216797e-01
-9.764705896377563477e-01
9.294117689132690430e-01
-9.607843160629272461e-01
7.568627595901489258e-01
-6.470588445663452148e-01
3.490196168422698975e-01
-1.450980454683303833e-01
-2.078431397676467896e-01
3.882353007793426514e-01
-6.862745285034179688e-01
7.960784435272216797e-01
-9.686274528503417969e-01
9.294117689132690430e-01
-9.607843160629272461e-01
7.647058963775634766e-01
-6.392157077789306641e-01
3.490196168422698975e-01
-1.450980454683303833e-01
-2.078431397676467896e-01
3.882353007793426514e-01
-6.862745285034179688e-01
7.960784435272216797e-01
-9.686274528503417969e-01
9.294117689132690430e-01
-9.607843160629272461e-01
7.647058963775634766e-01
-6.470588445663452148e-01
3.411764800548553467e-01
-1.450980454683303833e-01
-2.000000029802322388e-01
3.882353007793426514e-01
-6.862745285034179688e-01
7.960784435272216797e-01
-9.686274528503417969e-01
9.294117689132690430e-01
-9.607843160629272461e-01
7.647058963775634766e-01
-6.470588445663452148e-01
3.411764800548553467e-01
-1.450980454683303833e-01
-2.000000029802322388e-01
3.882353007793426514e-01
-6.862745285034179688e-01
8.039215803146362305e-01
-9.764705896377563477e-01
9.294117689132690430e-01
-9.529411792755126953e-01
7.647058963775634766e-01
-6.470588445663452148e-01
3.411764800548553467e-01
-1.450980454683303833e-01
-1.921568661928176880e-01
3.803921639919281006e-01
-6.941176652908325195e-01
7.882353067398071289e-01
-9.686274528503417969e-01
9.294117689132690430e-01
-9.607843160629272461e-01
7.647058963775634766e-01
-6.470588445663452148e-01
3.411764800548553467e-01
-1.450980454683303833e-01
-2.000000029802322388e-01
3.882353007793426514e-01
-6.941176652908325195e-01
7.882353067398071289e-01
-9.764705896377563477e-01
9.294117689132690430e-01
-9.607843160629272461e-01
7.568627595901489258e-01
-6.470588445663452148e-01
3.333333432674407959e-01
-1.529411822557449341e-01
-2.078431397676467896e-01
3.882353007793426514e-01
-6.862745285034179688e-01
7.960784435272216797e-01
-9.764705896377563477e-01
9.294117689132690430e-01
-9.607843160629272461e-01
7.647058963775634766e-01
-6.392157077789306641e-01
3.411764800548553467e-01
-1.450980454683303833e-01
-2.078431397676467896e-01
3.882353007793426514e-01
-6.862745285034179688e-01
7.960784435272216797e-01
-9.764705896377563477e-01
9.215686321258544922e-01
-9.607843160629272461e-01
7.647058963775634766e-01
-6.470588445663452148e-01
3.411764800548553467e-01
-1.529411822557449341e-01
-2.078431397676467896e-01
3.960784375667572021e-01
-6.862745285034179688e-01
7.960784435272216797e-01
-9.764705896377563477e-01
9.294117689132690430e-01
-9.607843160629272461e-01
7.647058963775634766e-01
-6.470588445663452148e-01
3.411764800548553467e-01
-1.529411822557449341e-01
-2.000000029802322388e-01
3.960784375667572021e-01
-6.862745285034179688e-01
7.960784435272216797e-01
-9.764705896377563477e-01
9.294117689132690430e-01
-9.529411792755126953e-01
7.647058963775634766e-01
-6.470588445663452148e-01
3.411764800548553467e-01
-1.450980454683303833e-01
-2.000000029802322388e-01
3.882353007793426514e-01
-6.862745285034179688e-01
8.039215803146362305e-01
-9.764705896377563477e-01
9.294117689132690430e-01
-9.529411792755126953e-01
7.647058963775634766e-01
-6.470588445663452148e-01
3.333333432674407959e-01
-1.294117718935012817e-01
-2.000000029802322388e-01
3.882353007793426514e-01
-6.941176652908325195e-01
7.960784435272216797e-01
-9.764705896377563477e-01
9.294117689132690430e-01
-9.607843160629272461e-01
7.647058963775634766e-01
-6.470588445663452148e-01
3.411764800548553467e-01
-1.450980454683303833e-01
-2.078431397676467896e-01
3.882353007793426514e-01
-6.941176652908325195e-01
7.960784435272216797e-01
-9.764705896377563477e-01
9.294117689132690430e-01
-9.607843160629272461e-01
7.568627595901489258e-01
-6.470588445663452148e-01
3.333333432674407959e-01
-1.450980454683303833e-01
-2.078431397676467896e-01
3.960784375667572021e-01
-6.862745285034179688e-01
7.960784435272216797e-01
-9.764705896377563477e-01
9.294117689132690430e-01
-9.529411792755126953e-01
7.647058963775634766e-01
-6.470588445663452148e-01
3.411764800548553467e-01
-1.529411822557449341e-01
-2.078431397676467896e-01
3.960784375667572021e-01
-6.862745285034179688e-01
7.960784435272216797e-01
-9.764705896377563477e-01
9.294117689132690430e-01
-9.529411792755126953e-01
7.647058963775634766e-01
-6.470588445663452148e-01
3.411764800548553467e-01
-1.450980454683303833e-01
-2.078431397676467896e-01
3.960784375667572021e-01
-6.862745285034179688e-01
7.960784435272216797e-01
-9.764705896377563477e-01
9.294117689132690430e-01
-9.529411792755126953e-01
7.647058963775634766e-01
-6.470588445663452148e-01
3.333333432674407959e-01
-1.450980454683303833e-01
-2.078431397676467896e-01
3.960784375667572021e-01
-6.941176652908325195e-01
7.960784435272216797e-01
-9.764705896377563477e-01
9.294117689132690430e-01
-9.529411792755126953e-01
7.647058963775634766e-01
-6.470588445663452148e-01
3.333333432674407959e-01
-1.450980454683303833e-01
-2.000000029802322388e-01
3.882353007793426514e-01
-6.862745285034179688e-01
8.039215803146362305e-01
-9.764705896377563477e-01
9.294117689132690430e-01
-9.529411792755126953e-01
7.647058963775634766e-01
-6.470588445663452148e-01
3.333333432674407959e-01
-1.294117718935012817e-01
-2.078431397676467896e-01
3.882353007793426514e-01
-6.941176652908325195e-01
7.960784435272216797e-01
-9.764705896377563477e-01
9.294117689132690430e-01
-9.529411792755126953e-01
7.647058963775634766e-01
-6.470588445663452148e-01
3.333333432674407959e-01
-1.450980454683303833e-01
-2.078431397676467896e-01
3.960784375667572021e-01
-6.941176652908325195e-01
7.960784435272216797e-01
-9.764705896377563477e-01
9.294117689132690430e-01
-9.529411792755126953e-01
7.647058963775634766e-01
-6.470588445663452148e-01
3.333333432674407959e-01
-1.450980454683303833e-01
-2.156862765550613403e-01
3.960784375667572021e-01
-6.862745285034179688e-01
7.960784435272216797e-01
-9.843137264251708984e-01
9.294117689132690430e-01
-9.529411792755126953e-01
7.647058963775634766e-01
-6.392157077789306641e-01
3.333333432674407959e-01
-1.450980454683303833e-01
-2.078431397676467896e-01
3.960784375667572021e-01
-6.941176652908325195e-01
7.960784435272216797e-01
-9.764705896377563477e-01
9.294117689132690430e-01
-9.529411792755126953e-01
7.647058963775634766e-01
-6.470588445663452148e-01
3.333333432674407959e-01
-1.450980454683303833e-01
-2.078431397676467896e-01
3.960784375667572021e-01
-6.862745285034179688e-01
7.960784435272216797e-01
-9.764705896377563477e-01
9.294117689132690430e-01
-9.529411792755126953e-01
7.647058963775634766e-01
-6.392157077789306641e-01
3.333333432674407959e-01
-1.450980454683303833e-01
-2.078431397676467896e-01
3.960784375667572021e-01
-6.941176652908325195e-01
7.960784435272216797e-01
-9.764705896377563477e-01
9.294117689132690430e-01
-9.529411792755126953e-01
7.647058963775634766e-01
-6.470588445663452148e-01
3.333333432674407959e-01
-1.450980454683303833e-01
-2.078431397676467896e-01
3.960784375667572021e-01
-7.019608020782470703e-01
8.039215803146362305e-01
-9.686274528503417969e-01
9.294117689132690430e-01
-9.529411792755126953e-01
-1.960784383118152618e-02
-3.921568859368562698e-03
-1.176470611244440079e-02
-1.176470611244440079e-02
-3.921568859368562698e-03
-1.176470611244440079e-02
-1.176470611244440079e-02
-3.921568859368562698e-03
-1.176470611244440079e-02
-3.921568859368562698e-03
-1.176470611244440079e-02
-1.176470611244440079e-02
-3.921568859368562698e-03
-1.176470611244440079e-02
-1.176470611244440079e-02
3.921568859368562698e-03
-1.176470611244440079e-02
-1.176470611244440079e-02
-3.921568859368562698e-03
-1.176470611244440079e-02
-1.176470611244440079e-02
-1.176470611244440079e-02
-1.176470611244440079e-02
-1.176470611244440079e-02
-1.176470611244440079e-02
-1.176470611244440079e-02
-3.921568859368562698e-03
-1.176470611244440079e-02
-1.960784383118152618e-02
-3.921568859368562698e-03
-1.176470611244440079e-02
-1.176470611244440079e-02
-3.921568859368562698e-03
-1.176470611244440079e-02
-3.921568859368562698e-03
-1.176470611244440079e-02
-3.921568859368562698e-03
-1.176470611244440079e-02
-1.176470611244440079e-02
-3.921568859368562698e-03
-1.176470611244440079e-02
-3.921568859368562698e-03
-1.176470611244440079e-02
-3.921568859368562698e-03
-1.176470611244440079e-02
-1.176470611244440079e-02
-1.176470611244440079e-02
-3.921568859368562698e-03
-1.176470611244440079e-02
-1.176470611244440079e-02
3.921568859368562698e-03
-1.960784383118152618e-02
-1.176470611244440079e-02
-1.176470611244440079e-02
-1.176470611244440079e-02
-1.176470611244440079e-02
-1.176470611244440079e-02
-1.176470611244440079e-02
-3.921568859368562698e-03
-1.176470611244440079e-02
-1.176470611244440079e-02
-3.921568859368562698e-03
-1.176470611244440079e-02
-1.176470611244440079e-02
-3.921568859368562698e-03
-1.176470611244440079e-02
-3.921568859368562698e-03
-1.176470611244440079e-02
-1.176470611244440079e-02
-3.921568859368562698e-03
-1.176470611244440079e-02
-3.921568859368562698e-03
-1.176470611244440079e-02
-3.921568859368562698e-03
-3.921568859368562698e-03
-1.176470611244440079e-02
-3.921568859368562698e-03
-1.176470611244440079e-02
-3.921568859368562698e-03
-1.176470611244440079e-02
-1.176470611244440079e-02
-3.921568859368562698e-03
-3.921568859368562698e-03
-1.176470611244440079e-02
-3.921568859368562698e-03
-3.921568859368562698e-03
-1.960784383118152618e-02
-3.921568859368562698e-03
-3.921568859368562698e-03
-3.921568859368562698e-03
-1.176470611244440079e-02
-1.176470611244440079e-02
-1.176470611244440079e-02
-1.176470611244440079e-02
-1.176470611244440079e-02
-1.176470611244440079e-02
3.921568859368562698e-03
-1.960784383118152618e-02
-3.921568859368562698e-03
-3.921568859368562698e-03
-1.176470611244440079e-02
-3.921568859368562698e-03
-1.176470611244440079e-02
-3.921568859368562698e-03
-1.176470611244440079e-02
-1.176470611244440079e-02
-3.921568859368562698e-03
-1.176470611244440079e-02
-3.921568859368562698e-03
-1.176470611244440079e-02
-1.176470611244440079e-02
-3.921568859368562698e-03
-1.176470611244440079e-02
-3.921568859368562698e-03
-1.960784383118152618e-02
-1.176470611244440079e-02
-3.921568859368562698e-03
-1.176470611244440079e-02
-1.176470611244440079e-02
-3.921568859368562698e-03
-1.960784383118152618e-02
-3.921568859368562698e-03
-1.176470611244440079e-02
-1.176470611244440079e-02
-1.176470611244440079e-02
-1.176470611244440079e-02
-1.176470611244440079e-02
-1.176470611244440079e-02
-1.176470611244440079e-02
-1.176470611244440079e-02
-3.921568859368562698e-03
-1.176470611244440079e-02
-3.921568859368562698e-03
-1.176470611244440079e-02
-1.176470611244440079e-02
-3.921568859368562698e-03
-1.176470611244440079e-02
-3.921568859368562698e-03
-3.921568859368562698e-03
-1.176470611244440079e-02
-3.921568859368562698e-03
-1.176470611244440079e-02
-3.921568859368562698e-03
-3.921568859368562698e-03
-1.176470611244440079e-02
-1.176470611244440079e-02
-1.176470611244440079e-02
-3.921568859368562698e-03
-1.176470611244440079e-02
-1.176470611244440079e-02
-3.921568859368562698e-03
-1.176470611244440079e-02
-3.921568859368562698e-03
-3.921568859368562698e-03
-1.960784383118152618e-02
-3.921568859368562698e-03
-1.176470611244440079e-02
-1.176470611244440079e-02
-3.921568859368562698e-03
-3.921568859368562698e-03
-1.176470611244440079e-02
-1.176470611244440079e-02
-1.176470611244440079e-02
-1.176470611244440079e-02
-3.921568859368562698e-03
-1.960784383118152618e-02
-3.921568859368562698e-03
-1.176470611244440079e-02
-1.176470611244440079e-02
-3.921568859368562698e-03
-1.176470611244440079e-02
-3.921568859368562698e-03
-1.176470611244440079e-02
-1.176470611244440079e-02
-3.921568859368562698e-03
-1.176470611244440079e-02
-3.921568859368562698e-03
-1.176470611244440079e-02
-3.921568859368562698e-03
-3.921568859368562698e-03
-1.176470611244440079e-02
-1.176470611244440079e-02
-3.921568859368562698e-03
-3.921568859368562698e-03
-1.176470611244440079e-02
-1.176470611244440079e-02
-3.921568859368562698e-03
-1.960784383118152618e-02
-3.921568859368562698e-03
-1.176470611244440079e-02
-1.176470611244440079e-02
-1.176470611244440079e-02
-1.176470611244440079e-02
-1.176470611244440079e-02
-1.176470611244440079e-02
-1.176470611244440079e-02
