1.000000000000000000e+00
-3.019607961177825928e-01
-1.000000000000000000e+00
2.392156869173049927e-01
1.000000000000000000e+00
-2.941176593303680420e-01
-1.000000000000000000e+00
2.313725501298904419e-01
1.000000000000000000e+00
-3.019607961177825928e-01
-1.000000000000000000e+00
2.392156869173049927e-01
1.000000000000000000e+00
-3.019607961177825928e-01
-1.000000000000000000e+00
2.392156869173049927e-01
1.000000000000000000e+00
-3.019607961177825928e-01
-1.000000000000000000e+00
2.313725501298904419e-01
1.000000000000000000e+00
-3.098039329051971436e-01
-1.000000000000000000e+00
2.313725501298904419e-01
1.000000000000000000e+00
-3.098039329051971436e-01
-1.000000000000000000e+00
2.313725501298904419e-01
1.000000000000000000e+00
-3.019607961177825928e-01
-1.000000000000000000e+00
2.313725501298904419e-01
1.000000000000000000e+00
-3.019607961177825928e-01
-1.000000000000000000e+00
2.392156869173049927e-01
1.000000000000000000e+00
-3.019607961177825928e-01
-1.000000000000000000e+00
2.313725501298904419e-01
1.000000000000000000e+00
-3.019607961177825928e-01
-1.000000000000000000e+00
2.313725501298904419e-01
1.000000000000000000e+00
-3.019607961177825928e-01
-1.000000000000000000e+00
2.392156869173049927e-01
1.000000000000000000e+00
-3.019607961177825928e-01
-1.000000000000000000e+00
2.392156869173049927e-01
1.000000000000000000e+00
-3.019607961177825928e-01
-1.000000000000000000e+00
2.392156869173049927e-01
1.000000000000000000e+00
-3.019607961177825928e-01
-1.000000000000000000e+00
2.392156869173049927e-01
1.000000000000000000e+00
-3.019607961177825928e-01
-1.000000000000000000e+00
2.313725501298904419e-01
1.000000000000000000e+00
-3.019607961177825928e-01
-1.000000000000000000e+00
2.313725501298904419e-01
1.000000000000000000e+00
-3.019607961177825928e-01
-1.000000000000000000e+00
2.392156869173049927e-01
1.000000000000000000e+00
-3.019607961177825928e-01
-1.000000000000000000e+00
2.392156869173049927e-01
1.000000000000000000e+00
-3.098039329051971436e-01
-1.000000000000000000e+00
2.313725501298904419e-01
1.000000000000000000e+00
-3.019607961177825928e-01
-1.000000000000000000e+00
2.313725501298904419e-01
1.000000000000000000e+00
-3.019607961177825928e-01
-1.000000000000000000e+00
2.313725501298904419e-01
1.000000000000000000e+00
-3.019607961177825928e-01
-1.000000000000000000e+00
2.313725501298904419e-01
1.000000000000000000e+00
-3.098039329051971436e-01
-1.000000000000000000e+00
2.313725501298904419e-01
1.000000000000000000e+00
-3.098039329051971436e-01
-1.000000000000000000e+00
2.392156869173049927e-01
1.000000000000000000e+00
-3.019607961177825928e-01
-1.000000000000000000e+00
2.313725501298904419e-01
1.000000000000000000e+00
-3.098039329051971436e-01
-1.000000000000000000e+00
2.313725501298904419e-01
1.000000000000000000e+00
-3.019607961177825928e-01
-1.000000000000000000e+00
2.313725501298904419e-01
1.000000000000000000e+00
-3.019607961177825928e-01
-1.000000000000000000e+00
2.313725501298904419e-01
1.000000000000000000e+00
-3.019607961177825928e-01
-1.000000000000000000e+00
2.392156869173049927e-01
1.000000000000000000e+00
-3.019607961177825928e-01
-1.000000000000000000e+00
2.392156869173049927e-01
1.000000000000000000e+00
-3.019607961177825928e-01
-1.000000000000000000e+00
2.313725501298904419e-01
1.000000000000000000e+00
-3.019607961177825928e-01
-1.000000000000000000e+00
2.313725501298904419e-01
1.000000000000000000e+00
-2.941176593303680420e-01
-1.000000000000000000e+00
2.313725501298904419e-01
1.000000000000000000e+00
-2.941176593303680420e-01
-1.000000000000000000e+00
2.313725501298904419e-01
1.000000000000000000e+00
-3.019607961177825928e-01
-1.000000000000000000e+00
2.313725501298904419e-01
1.000000000000000000e+00
-2.941176593303680420e-01
-1.000000000000000000e+00
2.313725501298904419e-01
1.000000000000000000e+00
-3.019607961177825928e-01
-1.000000000000000000e+00
2.392156869173049927e-01
1.000000000000000000e+00
-3.019607961177825928e-01
-1.000000000000000000e+00
2.313725501298904419e-01
1.000000000000000000e+00
-3.019607961177825928e-01
-1.000000000000000000e+00
2.313725501298904419e-01
1.000000000000000000e+00
-3.019607961177825928e-01
-1.000000000000000000e+00
2.313725501298904419e-01
1.000000000000000000e+00
-3.019607961177825928e-01
-1.000000000000000000e+00
2.392156869173049927e-01
1.000000000000000000e+00
-3.019607961177825928e-01
-1.000000000000000000e+00
2.313725501298904419e-01
1.000000000000000000e+00
-2.941176593303680420e-01
-1.000000000000000000e+00
2.235294133424758911e-01
1.000000000000000000e+00
-2.941176593303680420e-01
-1.000000000000000000e+00
2.313725501298904419e-01
1.000000000000000000e+00
-3.019607961177825928e-01
-1.000000000000000000e+00
2.392156869173049927e-01
1.000000000000000000e+00
-3.019607961177825928e-01
-1.000000000000000000e+00
2.392156869173049927e-01
1.000000000000000000e+00
-3.019607961177825928e-01
-1.000000000000000000e+00
2.313725501298904419e-01
1.000000000000000000e+00
-3.019607961177825928e-01
-1.000000000000000000e+00
2.313725501298904419e-01
1.000000000000000000e+00
-2.941176593303680420e-01
-1.000000000000000000e+00
2.313725501298904419e-01
1.000000000000000000e+00
-3.019607961177825928e-01
-1.000000000000000000e+00
2.313725501298904419e-01
1.000000000000000000e+00
-3.019607961177825928e-01
-1.000000000000000000e+00
2.470588237047195435e-01
1.000000000000000000e+00
-3.019607961177825928e-01
-1.000000000000000000e+00
2.313725501298904419e-01
1.000000000000000000e+00
-3.019607961177825928e-01
-1.000000000000000000e+00
2.392156869173049927e-01
1.000000000000000000e+00
-3.019607961177825928e-01
-1.000000000000000000e+00
2.313725501298904419e-01
1.000000000000000000e+00
-2.941176593303680420e-01
-1.000000000000000000e+00
2.392156869173049927e-01
1.000000000000000000e+00
-3.019607961177825928e-01
-1.000000000000000000e+00
2.313725501298904419e-01
1.000000000000000000e+00
-3.019607961177825928e-01
-1.000000000000000000e+00
2.235294133424758911e-01
1.000000000000000000e+00
-3.098039329051971436e-01
-1.000000000000000000e+00
2.313725501298904419e-01
1.000000000000000000e+00
-2.941176593303680420e-01
-1.000000000000000000e+00
2.313725501298904419e-01
1.000000000000000000e+00
-3.019607961177825928e-01
-1.000000000000000000e+00
2.392156869173049927e-01
1.000000000000000000e+00
-3.098039329051971436e-01
-1.000000000000000000e+00
2.392156869173049927e-01
1.000000000000000000e+00
-3.019607961177825928e-01
-1.000000000000000000e+00
2.313725501298904419e-01
1.000000000000000000e+00
-2.941176593303680420e-01
-1.000000000000000000e+00
2.313725501298904419e-01
1.000000000000000000e+00
-2.941176593303680420e-01
-1.000000000000000000e+00
2.313725501298904419e-01
1.000000000000000000e+00
-3.019607961177825928e-01
-1.000000000000000000e+00
2.392156869173049927e-01
1.000000000000000000e+00
-3.019607961177825928e-01
-1.000000000000000000e+00
2.392156869173049927e-01
1.000000000000000000e+00
-3.019607961177825928e-01
-1.000000000000000000e+00
2.313725501298904419e-01
1.000000000000000000e+00
-2.941176593303680420e-01
-1.000000000000000000e+00
2.313725501298904419e-01
1.000000000000000000e+00
-3.019607961177825928e-01
-1.000000000000000000e+00
2.392156869173049927e-01
1.000000000000000000e+00
-3.019607961177825928e-01
-1.000000000000000000e+00
2.313725501298904419e-01
1.000000000000000000e+00
-3.019607961177825928e-01
-1.000000000000000000e+00
2.313725501298904419e-01
1.000000000000000000e+00
-3.019607961177825928e-01
-1.000000000000000000e+00
2.313725501298904419e-01
1.000000000000000000e+00
-2.941176593303680420e-01
-1.000000000000000000e+00
2.313725501298904419e-01
1.000000000000000000e+00
-2.941176593303680420e-01
-1.000000000000000000e+00
2.313725501298904419e-01
1.000000000000000000e+00
-3.019607961177825928e-01
-1.000000000000000000e+00
2.235294133424758911e-01
1.000000000000000000e+00
-3.019607961177825928e-01
-1.000000000000000000e+00
2.235294133424758911e-01
1.000000000000000000e+00
-2.862745225429534912e-01
-1.000000000000000000e+00
2.235294133424758911e-01
1.000000000000000000e+00
-3.019607961177825928e-01
-1.000000000000000000e+00
2.313725501298904419e-01
1.000000000000000000e+00
-3.098039329051971436e-01
-1.000000000000000000e+00
2.313725501298904419e-01
1.000000000000000000e+00
-3.019607961177825928e-01
-1.000000000000000000e+00
2.313725501298904419e-01
1.000000000000000000e+00
-2.941176593303680420e-01
-1.000000000000000000e+00
2.313725501298904419e-01
1.000000000000000000e+00
-2.941176593303680420e-01
-1.000000000000000000e+00
2.235294133424758911e-01
1.000000000000000000e+00
-2.941176593303680420e-01
-1.000000000000000000e+00
2.313725501298904419e-01
1.000000000000000000e+00
-3.019607961177825928e-01
-1.000000000000000000e+00
2.313725501298904419e-01
1.000000000000000000e+00
-3.019607961177825928e-01
-1.000000000000000000e+00
2.392156869173049927e-01
1.000000000000000000e+00
-3.019607961177825928e-01
-1.000000000000000000e+00
2.313725501298904419e-01
1.000000000000000000e+00
-2.941176593303680420e-01
-1.000000000000000000e+00
2.235294133424758911e-01
1.000000000000000000e+00
-2.941176593303680420e-01
-1.000000000000000000e+00
2.313725501298904419e-01
1.000000000000000000e+00
-3.019607961177825928e-01
-1.000000000000000000e+00
2.313725501298904419e-01
1.000000000000000000e+00
-3.019607961177825928e-01
-1.000000000000000000e+00
2.235294133424758911e-01
1.000000000000000000e+00
-2.941176593303680420e-01
-1.000000000000000000e+00
2.392156869173049927e-01
1.000000000000000000e+00
-2.941176593303680420e-01
-1.000000000000000000e+00
2.313725501298904419e-01
1.000000000000000000e+00
-3.019607961177825928e-01
-1.000000000000000000e+00
2.235294133424758911e-01
1.000000000000000000e+00
-3.019607961177825928e-01
-1.000000000000000000e+00
2.235294133424758911e-01
1.000000000000000000e+00
-3.019607961177825928e-01
-1.000000000000000000e+00
2.392156869173049927e-01
1.000000000000000000e+00
-3.019607961177825928e-01
-1.000000000000000000e+00
2.313725501298904419e-01
1.000000000000000000e+00
-2.941176593303680420e-01
-1.000000000000000000e+00
2.235294133424758911e-01
1.000000000000000000e+00
-2.941176593303680420e-01
-1.000000000000000000e+00
2.235294133424758911e-01
1.000000000000000000e+00
-2.941176593303680420e-01
-1.000000000000000000e+00
2.313725501298904419e-01
1.000000000000000000e+00
-2.941176593303680420e-01
-1.000000000000000000e+00
2.313725501298904419e-01
1.000000000000000000e+00
-3.019607961177825928e-01
-1.000000000000000000e+00
2.313725501298904419e-01
1.000000000000000000e+00
-3.019607961177825928e-01
-1.000000000000000000e+00
2.313725501298904419e-01
1.000000000000000000e+00
-2.941176593303680420e-01
-1.000000000000000000e+00
2.313725501298904419e-01
1.000000000000000000e+00
-2.941176593303680420e-01
-1.000000000000000000e+00
2.235294133424758911e-01
1.000000000000000000e+00
-2.941176593303680420e-01
-1.000000000000000000e+00
2.313725501298904419e-01
1.000000000000000000e+00
-3.098039329051971436e-01
-1.000000000000000000e+00
2.313725501298904419e-01
1.000000000000000000e+00
-2.941176593303680420e-01
-1.000000000000000000e+00
2.313725501298904419e-01
1.000000000000000000e+00
-2.941176593303680420e-01
-1.000000000000000000e+00
2.235294133424758911e-01
1.000000000000000000e+00
-3.019607961177825928e-01
-1.000000000000000000e+00
2.235294133424758911e-01
1.000000000000000000e+00
-2.941176593303680420e-01
-1.000000000000000000e+00
2.313725501298904419e-01
1.000000000000000000e+00
-2.941176593303680420e-01
-1.000000000000000000e+00
2.235294133424758911e-01
1.000000000000000000e+00
-3.019607961177825928e-01
-1.000000000000000000e+00
2.235294133424758911e-01
1.000000000000000000e+00
-2.941176593303680420e-01
-1.000000000000000000e+00
2.235294133424758911e-01
1.000000000000000000e+00
-2.941176593303680420e-01
-1.000000000000000000e+00
2.235294133424758911e-01
1.000000000000000000e+00
-2.941176593303680420e-01
-1.000000000000000000e+00
2.235294133424758911e-01
1.000000000000000000e+00
-3.019607961177825928e-01
-1.000000000000000000e+00
2.313725501298904419e-01
1.000000000000000000e+00
-3.019607961177825928e-01
-1.000000000000000000e+00
2.313725501298904419e-01
1.000000000000000000e+00
-2.941176593303680420e-01
-1.000000000000000000e+00
2.235294133424758911e-01
1.000000000000000000e+00
-2.941176593303680420e-01
-1.000000000000000000e+00
2.235294133424758911e-01
1.000000000000000000e+00
-2.941176593303680420e-01
-1.000000000000000000e+00
2.235294133424758911e-01
1.000000000000000000e+00
-2.941176593303680420e-01
-1.000000000000000000e+00
2.313725501298904419e-01
1.000000000000000000e+00
-2.941176593303680420e-01
-1.000000000000000000e+00
2.313725501298904419e-01
1.000000000000000000e+00
-2.941176593303680420e-01
-1.000000000000000000e+00
2.313725501298904419e-01
1.000000000000000000e+00
-2.941176593303680420e-01
-1.000000000000000000e+00
2.392156869173049927e-01
1.000000000000000000e+00
-3.019607961177825928e-01
-1.000000000000000000e+00
2.313725501298904419e-01
1.000000000000000000e+00
-3.019607961177825928e-01
-1.000000000000000000e+00
2.313725501298904419e-01
1.000000000000000000e+00
-3.019607961177825928e-01
-1.000000000000000000e+00
2.235294133424758911e-01
1.000000000000000000e+00
-2.862745225429534912e-01
-1.000000000000000000e+00
2.313725501298904419e-01
1.000000000000000000e+00
-2.941176593303680420e-01
-1.000000000000000000e+00
2.235294133424758911e-01
1.000000000000000000e+00
-3.019607961177825928e-01
-1.000000000000000000e+00
2.235294133424758911e-01
1.000000000000000000e+00
-3.019607961177825928e-01
-1.000000000000000000e+00
2.235294133424758911e-01
1.000000000000000000e+00
-2.862745225429534912e-01
-1.000000000000000000e+00
2.235294133424758911e-01
1.000000000000000000e+00
-2.941176593303680420e-01
-1.000000000000000000e+00
2.313725501298904419e-01
1.000000000000000000e+00
-3.019607961177825928e-01
-1.000000000000000000e+00
2.235294133424758911e-01
1.000000000000000000e+00
-3.019607961177825928e-01
-1.000000000000000000e+00
2.235294133424758911e-01
1.000000000000000000e+00
-2.941176593303680420e-01
-1.000000000000000000e+00
2.235294133424758911e-01
1.000000000000000000e+00
-2.941176593303680420e-01
-1.000000000000000000e+00
2.235294133424758911e-01
1.000000000000000000e+00
-2.941176593303680420e-01
-1.000000000000000000e+00
2.235294133424758911e-01
1.000000000000000000e+00
-3.019607961177825928e-01
-1.000000000000000000e+00
2.313725501298904419e-01
1.000000000000000000e+00
-2.941176593303680420e-01
-1.000000000000000000e+00
2.313725501298904419e-01
1.000000000000000000e+00
-2.941176593303680420e-01
-1.000000000000000000e+00
2.235294133424758911e-01
1.000000000000000000e+00
-2.862745225429534912e-01
-1.000000000000000000e+00
2.235294133424758911e-01
1.000000000000000000e+00
-2.941176593303680420e-01
-1.000000000000000000e+00
2.313725501298904419e-01
1.000000000000000000e+00
-2.941176593303680420e-01
-1.000000000000000000e+00
2.392156869173049927e-01
1.000000000000000000e+00
-3.019607961177825928e-01
-1.000000000000000000e+00
2.235294133424758911e-01
1.000000000000000000e+00
-2.941176593303680420e-01
-1.000000000000000000e+00
2.313725501298904419e-01
1.000000000000000000e+00
-2.941176593303680420e-01
-1.000000000000000000e+00
2.235294133424758911e-01
1.000000000000000000e+00
-2.941176593303680420e-01
-1.000000000000000000e+00
2.235294133424758911e-01
1.000000000000000000e+00
-3.019607961177825928e-01
-1.000000000000000000e+00
2.235294133424758911e-01
1.000000000000000000e+00
-2.941176593303680420e-01
-1.000000000000000000e+00
2.313725501298904419e-01
1.000000000000000000e+00
-2.941176593303680420e-01
-1.000000000000000000e+00
2.313725501298904419e-01
1.000000000000000000e+00
-2.941176593303680420e-01
-1.000000000000000000e+00
2.235294133424758911e-01
1.000000000000000000e+00
-2.941176593303680420e-01
-1.000000000000000000e+00
2.235294133424758911e-01
1.000000000000000000e+00
-2.862745225429534912e-01
-1.000000000000000000e+00
2.235294133424758911e-01
1.000000000000000000e+00
-2.862745225429534912e-01
-1.000000000000000000e+00
2.235294133424758911e-01
1.000000000000000000e+00
-3.019607961177825928e-01
-1.000000000000000000e+00
2.235294133424758911e-01
1.000000000000000000e+00
-3.019607961177825928e-01
-1.000000000000000000e+00
2.313725501298904419e-01
1.000000000000000000e+00
-2.941176593303680420e-01
-1.000000000000000000e+00
2.313725501298904419e-01
1.000000000000000000e+00
-2.941176593303680420e-01
-1.000000000000000000e+00
2.235294133424758911e-01
1.000000000000000000e+00
-2.862745225429534912e-01
-1.000000000000000000e+00
2.235294133424758911e-01
1.000000000000000000e+00
-2.941176593303680420e-01
-1.000000000000000000e+00
2.313725501298904419e-01
1.000000000000000000e+00
-2.941176593303680420e-01
-1.000000000000000000e+00
2.392156869173049927e-01
1.000000000000000000e+00
-3.019607961177825928e-01
-1.000000000000000000e+00
2.235294133424758911e-01
1.000000000000000000e+00
-2.862745225429534912e-01
-1.000000000000000000e+00
2.313725501298904419e-01
1.000000000000000000e+00
-2.941176593303680420e-01
-1.000000000000000000e+00
2.313725501298904419e-01
1.000000000000000000e+00
-2.941176593303680420e-01
-1.000000000000000000e+00
2.235294133424758911e-01
1.000000000000000000e+00
-2.941176593303680420e-01
-1.000000000000000000e+00
2.235294133424758911e-01
1.000000000000000000e+00
-2.862745225429534912e-01
-1.000000000000000000e+00
2.235294133424758911e-01
1.000000000000000000e+00
-2.941176593303680420e-01
-1.000000000000000000e+00
2.313725501298904419e-01
1.000000000000000000e+00
-3.019607961177825928e-01
-1.000000000000000000e+00
2.235294133424758911e-01
1.000000000000000000e+00
-2.941176593303680420e-01
-1.000000000000000000e+00
2.235294133424758911e-01
1.000000000000000000e+00
-2.862745225429534912e-01
-1.000000000000000000e+00
2.235294133424758911e-01
1.000000000000000000e+00
-2.862745225429534912e-01
-1.000000000000000000e+00
2.235294133424758911e-01
1.000000000000000000e+00
-2.941176593303680420e-01
-1.000000000000000000e+00
2.235294133424758911e-01
1.000000000000000000e+00
-2.941176593303680420e-01
-1.000000000000000000e+00
2.235294133424758911e-01
1.000000000000000000e+00
-2.941176593303680420e-01
-1.000000000000000000e+00
2.235294133424758911e-01
1.000000000000000000e+00
-2.862745225429534912e-01
-1.000000000000000000e+00
2.235294133424758911e-01
1.000000000000000000e+00
-2.862745225429534912e-01
-1.000000000000000000e+00
2.156862765550613403e-01
1.000000000000000000e+00
-2.941176593303680420e-01
-1.000000000000000000e+00
2.235294133424758911e-01
1.000000000000000000e+00
-2.941176593303680420e-01
-1.000000000000000000e+00
2.313725501298904419e-01
1.000000000000000000e+00
-3.019607961177825928e-01
-1.000000000000000000e+00
2.156862765550613403e-01
1.000000000000000000e+00
-2.941176593303680420e-01
-1.000000000000000000e+00
2.313725501298904419e-01
1.000000000000000000e+00
-2.941176593303680420e-01
-1.000000000000000000e+00
2.235294133424758911e-01
1.000000000000000000e+00
-2.941176593303680420e-01
-1.000000000000000000e+00
2.156862765550613403e-01
1.000000000000000000e+00
-2.941176593303680420e-01
-1.000000000000000000e+00
2.235294133424758911e-01
1.000000000000000000e+00
-2.941176593303680420e-01
-1.000000000000000000e+00
2.235294133424758911e-01
1.000000000000000000e+00
-2.941176593303680420e-01
-1.000000000000000000e+00
2.235294133424758911e-01
1.000000000000000000e+00
-3.019607961177825928e-01
-1.000000000000000000e+00
2.235294133424758911e-01
1.000000000000000000e+00
-2.941176593303680420e-01
-1.000000000000000000e+00
2.235294133424758911e-01
1.000000000000000000e+00
-2.862745225429534912e-01
-1.000000000000000000e+00
2.235294133424758911e-01
1.000000000000000000e+00
-2.862745225429534912e-01
-1.000000000000000000e+00
2.235294133424758911e-01
1.000000000000000000e+00
-2.941176593303680420e-01
-1.000000000000000000e+00
2.235294133424758911e-01
1.000000000000000000e+00
-2.941176593303680420e-01
-1.000000000000000000e+00
2.235294133424758911e-01
1.000000000000000000e+00
-2.862745225429534912e-01
-1.000000000000000000e+00
2.235294133424758911e-01
1.000000000000000000e+00
-2.862745225429534912e-01
-1.000000000000000000e+00
2.235294133424758911e-01
1.000000000000000000e+00
-2.862745225429534912e-01
-1.000000000000000000e+00
2.156862765550613403e-01
1.000000000000000000e+00
-2.862745225429534912e-01
-1.000000000000000000e+00
2.235294133424758911e-01
1.000000000000000000e+00
-2.941176593303680420e-01
-1.000000000000000000e+00
2.313725501298904419e-01
1.000000000000000000e+00
-2.941176593303680420e-01
-1.000000000000000000e+00
2.235294133424758911e-01
1.000000000000000000e+00
-2.862745225429534912e-01
-1.000000000000000000e+00
2.313725501298904419e-01
1.000000000000000000e+00
-2.862745225429534912e-01
-1.000000000000000000e+00
2.235294133424758911e-01
1.000000000000000000e+00
-2.941176593303680420e-01
-1.000000000000000000e+00
2.235294133424758911e-01
1.000000000000000000e+00
-2.941176593303680420e-01
-1.000000000000000000e+00
2.235294133424758911e-01
1.000000000000000000e+00
-2.941176593303680420e-01
-1.000000000000000000e+00
2.235294133424758911e-01
1.000000000000000000e+00
-2.941176593303680420e-01
-1.000000000000000000e+00
2.313725501298904419e-01
1.000000000000000000e+00
-2.941176593303680420e-01
-1.000000000000000000e+00
2.235294133424758911e-01
1.000000000000000000e+00
-2.862745225429534912e-01
-1.000000000000000000e+00
2.156862765550613403e-01
1.000000000000000000e+00
-2.862745225429534912e-01
-1.000000000000000000e+00
2.235294133424758911e-01
1.000000000000000000e+00
-2.941176593303680420e-01
-1.000000000000000000e+00
2.235294133424758911e-01
1.000000000000000000e+00
-2.941176593303680420e-01
-1.000000000000000000e+00
2.235294133424758911e-01
1.000000000000000000e+00
-2.941176593303680420e-01
-1.000000000000000000e+00
2.235294133424758911e-01
1.000000000000000000e+00
-2.862745225429534912e-01
-1.000000000000000000e+00
2.235294133424758911e-01
1.000000000000000000e+00
-2.862745225429534912e-01
-1.000000000000000000e+00
2.156862765550613403e-01
1.000000000000000000e+00
-2.862745225429534912e-01
-1.000000000000000000e+00
2.156862765550613403e-01
1.000000000000000000e+00
-2.784313857555389404e-01
-1.000000000000000000e+00
2.235294133424758911e-01
1.000000000000000000e+00
-2.862745225429534912e-01
-1.000000000000000000e+00
2.235294133424758911e-01
1.000000000000000000e+00
-2.862745225429534912e-01
-1.000000000000000000e+00
2.156862765550613403e-01
1.000000000000000000e+00
-2.941176593303680420e-01
-1.000000000000000000e+00
2.235294133424758911e-01
1.000000000000000000e+00
-2.862745225429534912e-01
-1.000000000000000000e+00
2.235294133424758911e-01
1.000000000000000000e+00
-2.941176593303680420e-01
-1.000000000000000000e+00
2.235294133424758911e-01
1.000000000000000000e+00
-2.941176593303680420e-01
-1.000000000000000000e+00
2.156862765550613403e-01
1.000000000000000000e+00
-2.941176593303680420e-01
-1.000000000000000000e+00
2.313725501298904419e-01
1.000000000000000000e+00
-2.941176593303680420e-01
-1.000000000000000000e+00
2.235294133424758911e-01
1.000000000000000000e+00
-2.862745225429534912e-01
-1.000000000000000000e+00
2.156862765550613403e-01
1.000000000000000000e+00
-2.862745225429534912e-01
-1.000000000000000000e+00
2.235294133424758911e-01
1.000000000000000000e+00
-2.862745225429534912e-01
-1.000000000000000000e+00
2.235294133424758911e-01
1.000000000000000000e+00
-2.941176593303680420e-01
-1.000000000000000000e+00
2.235294133424758911e-01
1.000000000000000000e+00
-2.941176593303680420e-01
-1.000000000000000000e+00
2.235294133424758911e-01
1.000000000000000000e+00
-2.862745225429534912e-01
-1.000000000000000000e+00
2.156862765550613403e-01
1.000000000000000000e+00
-2.862745225429534912e-01
-1.000000000000000000e+00
2.235294133424758911e-01
1.000000000000000000e+00
-2.862745225429534912e-01
-1.000000000000000000e+00
2.156862765550613403e-01
1.000000000000000000e+00
-2.862745225429534912e-01
-1.000000000000000000e+00
2.235294133424758911e-01
1.000000000000000000e+00
-2.784313857555389404e-01
-1.000000000000000000e+00
2.156862765550613403e-01
1.000000000000000000e+00
-2.862745225429534912e-01
-1.000000000000000000e+00
2.156862765550613403e-01
1.000000000000000000e+00
-2.784313857555389404e-01
-1.000000000000000000e+00
2.235294133424758911e-01
1.000000000000000000e+00
-2.862745225429534912e-01
-1.000000000000000000e+00
2.235294133424758911e-01
1.000000000000000000e+00
-2.862745225429534912e-01
-1.000000000000000000e+00
2.235294133424758911e-01
1.000000000000000000e+00
-2.862745225429534912e-01
-1.000000000000000000e+00
2.156862765550613403e-01
1.000000000000000000e+00
-2.941176593303680420e-01
-1.000000000000000000e+00
2.156862765550613403e-01
1.000000000000000000e+00
-2.941176593303680420e-01
-1.000000000000000000e+00
2.235294133424758911e-01
1.000000000000000000e+00
-2.862745225429534912e-01
-1.000000000000000000e+00
2.156862765550613403e-01
1.000000000000000000e+00
-2.784313857555389404e-01
-1.000000000000000000e+00
2.156862765550613403e-01
1.000000000000000000e+00
-2.862745225429534912e-01
-1.000000000000000000e+00
2.156862765550613403e-01
1.000000000000000000e+00
-2.941176593303680420e-01
-1.000000000000000000e+00
2.235294133424758911e-01
1.000000000000000000e+00
-2.862745225429534912e-01
-1.000000000000000000e+00
2.235294133424758911e-01
1.000000000000000000e+00
-2.941176593303680420e-01
-1.000000000000000000e+00
2.156862765550613403e-01
1.000000000000000000e+00
-2.862745225429534912e-01
-1.000000000000000000e+00
2.156862765550613403e-01
1.000000000000000000e+00
-2.862745225429534912e-01
-1.000000000000000000e+00
2.235294133424758911e-01
1.000000000000000000e+00
-2.862745225429534912e-01
-1.000000000000000000e+00
2.235294133424758911e-01
1.000000000000000000e+00
-2.862745225429534912e-01
-1.000000000000000000e+00
2.235294133424758911e-01
1.000000000000000000e+00
-2.941176593303680420e-01
-1.000000000000000000e+00
2.235294133424758911e-01
1.000000000000000000e+00
-2.862745225429534912e-01
-1.000000000000000000e+00
2.156862765550613403e-01
1.000000000000000000e+00
-2.784313857555389404e-01
-1.000000000000000000e+00
2.078431397676467896e-01
1.000000000000000000e+00
-2.862745225429534912e-01
-1.000000000000000000e+00
2.235294133424758911e-01
1.000000000000000000e+00
-2.862745225429534912e-01
-1.000000000000000000e+00
2.235294133424758911e-01
1.000000000000000000e+00
-2.862745225429534912e-01
-1.000000000000000000e+00
2.156862765550613403e-01
1.000000000000000000e+00
-2.941176593303680420e-01
-1.000000000000000000e+00
2.156862765550613403e-01
1.000000000000000000e+00
-2.862745225429534912e-01
-1.000000000000000000e+00
2.156862765550613403e-01
1.000000000000000000e+00
-2.862745225429534912e-01
-1.000000000000000000e+00
2.156862765550613403e-01
1.000000000000000000e+00
-2.862745225429534912e-01
-1.000000000000000000e+00
2.156862765550613403e-01
1.000000000000000000e+00
-2.862745225429534912e-01
-1.000000000000000000e+00
2.156862765550613403e-01
1.000000000000000000e+00
-2.941176593303680420e-01
-1.000000000000000000e+00
2.235294133424758911e-01
1.000000000000000000e+00
-2.862745225429534912e-01
-1.000000000000000000e+00
2.156862765550613403e-01
1.000000000000000000e+00
-2.862745225429534912e-01
-1.000000000000000000e+00
2.156862765550613403e-01
1.000000000000000000e+00
-2.862745225429534912e-01
-1.000000000000000000e+00
2.156862765550613403e-01
1.000000000000000000e+00
-2.862745225429534912e-01
-1.000000000000000000e+00
2.156862765550613403e-01
1.000000000000000000e+00
-2.862745225429534912e-01
-1.000000000000000000e+00
2.235294133424758911e-01
1.000000000000000000e+00
-2.862745225429534912e-01
-1.000000000000000000e+00
2.156862765550613403e-01
1.000000000000000000e+00
-2.941176593303680420e-01
-1.000000000000000000e+00
2.235294133424758911e-01
1.000000000000000000e+00
-2.862745225429534912e-01
-1.000000000000000000e+00
2.156862765550613403e-01
1.000000000000000000e+00
-2.784313857555389404e-01
-1.000000000000000000e+00
2.078431397676467896e-01
1.000000000000000000e+00
-2.862745225429534912e-01
-1.000000000000000000e+00
2.235294133424758911e-01
1.000000000000000000e+00
-2.784313857555389404e-01
-1.000000000000000000e+00
2.235294133424758911e-01
1.000000000000000000e+00
-2.862745225429534912e-01
-1.000000000000000000e+00
2.156862765550613403e-01
1.000000000000000000e+00
-2.941176593303680420e-01
-1.000000000000000000e+00
2.156862765550613403e-01
1.000000000000000000e+00
-2.862745225429534912e-01
-1.000000000000000000e+00
2.156862765550613403e-01
1.000000000000000000e+00
-2.784313857555389404e-01
-1.000000000000000000e+00
2.156862765550613403e-01
1.000000000000000000e+00
-2.862745225429534912e-01
-1.000000000000000000e+00
2.156862765550613403e-01
1.000000000000000000e+00
-2.941176593303680420e-01
-1.000000000000000000e+00
2.156862765550613403e-01
1.000000000000000000e+00
-2.941176593303680420e-01
-1.000000000000000000e+00
2.235294133424758911e-01
1.000000000000000000e+00
-2.862745225429534912e-01
-1.000000000000000000e+00
2.156862765550613403e-01
1.000000000000000000e+00
-2.784313857555389404e-01
-1.000000000000000000e+00
2.156862765550613403e-01
1.000000000000000000e+00
-2.784313857555389404e-01
-1.000000000000000000e+00
2.156862765550613403e-01
1.000000000000000000e+00
-2.862745225429534912e-01
-1.000000000000000000e+00
2.235294133424758911e-01
1.000000000000000000e+00
-2.862745225429534912e-01
-1.000000000000000000e+00
2.235294133424758911e-01
1.000000000000000000e+00
-2.862745225429534912e-01
-1.000000000000000000e+00
2.156862765550613403e-01
1.000000000000000000e+00
-2.941176593303680420e-01
-1.000000000000000000e+00
2.235294133424758911e-01
1.000000000000000000e+00
-2.862745225429534912e-01
-1.000000000000000000e+00
2.156862765550613403e-01
1.000000000000000000e+00
-2.784313857555389404e-01
-1.000000000000000000e+00
2.078431397676467896e-01
1.000000000000000000e+00
-2.862745225429534912e-01
-1.000000000000000000e+00
2.156862765550613403e-01
1.000000000000000000e+00
-2.784313857555389404e-01
-1.000000000000000000e+00
2.235294133424758911e-01
1.000000000000000000e+00
-2.784313857555389404e-01
-1.000000000000000000e+00
2.156862765550613403e-01
1.000000000000000000e+00
-2.862745225429534912e-01
-1.000000000000000000e+00
2.156862765550613403e-01
1.000000000000000000e+00
-2.862745225429534912e-01
-1.000000000000000000e+00
2.078431397676467896e-01
1.000000000000000000e+00
-2.784313857555389404e-01
-1.000000000000000000e+00
2.156862765550613403e-01
1.000000000000000000e+00
-2.862745225429534912e-01
-1.000000000000000000e+00
2.156862765550613403e-01
1.000000000000000000e+00
-2.862745225429534912e-01
-1.000000000000000000e+00
2.156862765550613403e-01
1.000000000000000000e+00
-2.862745225429534912e-01
-1.000000000000000000e+00
2.235294133424758911e-01
1.000000000000000000e+00
-2.784313857555389404e-01
-1.000000000000000000e+00
2.156862765550613403e-01
1.000000000000000000e+00
-2.862745225429534912e-01
-1.000000000000000000e+00
2.156862765550613403e-01
1.000000000000000000e+00
-2.862745225429534912e-01
-1.000000000000000000e+00
2.156862765550613403e-01
1.000000000000000000e+00
-2.862745225429534912e-01
-1.000000000000000000e+00
2.235294133424758911e-01
1.000000000000000000e+00
-2.862745225429534912e-01
-1.000000000000000000e+00
2.235294133424758911e-01
1.000000000000000000e+00
-2.862745225429534912e-01
-1.000000000000000000e+00
2.156862765550613403e-01
1.000000000000000000e+00
-2.862745225429534912e-01
-1.000000000000000000e+00
2.235294133424758911e-01
1.000000000000000000e+00
-2.862745225429534912e-01
-1.000000000000000000e+00
2.156862765550613403e-01
1.000000000000000000e+00
-2.862745225429534912e-01
-1.000000000000000000e+00
2.156862765550613403e-01
1.000000000000000000e+00
-2.862745225429534912e-01
-1.000000000000000000e+00
2.156862765550613403e-01
1.000000000000000000e+00
-2.784313857555389404e-01
-1.000000000000000000e+00
2.156862765550613403e-01
1.000000000000000000e+00
-2.862745225429534912e-01
-1.000000000000000000e+00
2.156862765550613403e-01
1.000000000000000000e+00
-2.862745225429534912e-01
-1.000000000000000000e+00
2.078431397676467896e-01
1.000000000000000000e+00
-2.862745225429534912e-01
-1.000000000000000000e+00
2.078431397676467896e-01
1.000000000000000000e+00
-2.705882489681243896e-01
-1.000000000000000000e+00
2.156862765550613403e-01
1.000000000000000000e+00
-2.862745225429534912e-01
-1.000000000000000000e+00
2.235294133424758911e-01
1.000000000000000000e+00
-2.862745225429534912e-01
-1.000000000000000000e+00
2.156862765550613403e-01
1.000000000000000000e+00
-2.862745225429534912e-01
-1.000000000000000000e+00
2.156862765550613403e-01
1.000000000000000000e+00
-2.784313857555389404e-01
-1.000000000000000000e+00
2.156862765550613403e-01
1.000000000000000000e+00
-2.784313857555389404e-01
-1.000000000000000000e+00
2.156862765550613403e-01
1.000000000000000000e+00
-2.784313857555389404e-01
-1.000000000000000000e+00
2.156862765550613403e-01
1.000000000000000000e+00
-2.862745225429534912e-01
-1.000000000000000000e+00
2.156862765550613403e-01
1.000000000000000000e+00
-2.862745225429534912e-01
-1.000000000000000000e+00
2.156862765550613403e-01
1.000000000000000000e+00
-2.784313857555389404e-01
-1.000000000000000000e+00
2.156862765550613403e-01
1.000000000000000000e+00
-2.784313857555389404e-01
-1.000000000000000000e+00
2.078431397676467896e-01
1.000000000000000000e+00
-2.784313857555389404e-01
-1.000000000000000000e+00
2.156862765550613403e-01
1.000000000000000000e+00
-2.862745225429534912e-01
-1.000000000000000000e+00
2.156862765550613403e-01
1.000000000000000000e+00
-2.862745225429534912e-01
-1.000000000000000000e+00
2.078431397676467896e-01
1.000000000000000000e+00
-2.862745225429534912e-01
-1.000000000000000000e+00
2.156862765550613403e-01
1.000000000000000000e+00
-2.784313857555389404e-01
-1.000000000000000000e+00
2.156862765550613403e-01
1.000000000000000000e+00
-2.862745225429534912e-01
-1.000000000000000000e+00
2.078431397676467896e-01
1.000000000000000000e+00
-2.862745225429534912e-01
-1.000000000000000000e+00
2.156862765550613403e-01
1.000000000000000000e+00
-2.862745225429534912e-01
-1.000000000000000000e+00
2.156862765550613403e-01
1.000000000000000000e+00
-2.862745225429534912e-01
-1.000000000000000000e+00
2.156862765550613403e-01
1.000000000000000000e+00
-2.862745225429534912e-01
-1.000000000000000000e+00
2.156862765550613403e-01
1.000000000000000000e+00
-2.784313857555389404e-01
-1.000000000000000000e+00
2.078431397676467896e-01
1.000000000000000000e+00
-2.784313857555389404e-01
-1.000000000000000000e+00
2.156862765550613403e-01
1.000000000000000000e+00
-2.784313857555389404e-01
-1.000000000000000000e+00
2.156862765550613403e-01
1.000000000000000000e+00
-2.862745225429534912e-01
-1.000000000000000000e+00
2.156862765550613403e-01
1.000000000000000000e+00
-2.862745225429534912e-01
-1.000000000000000000e+00
2.156862765550613403e-01
1.000000000000000000e+00
-2.784313857555389404e-01
-1.000000000000000000e+00
2.156862765550613403e-01
1.000000000000000000e+00
-2.784313857555389404e-01
-1.000000000000000000e+00
2.156862765550613403e-01
1.000000000000000000e+00
-2.784313857555389404e-01
-1.000000000000000000e+00
2.156862765550613403e-01
1.000000000000000000e+00
-2.784313857555389404e-01
-1.000000000000000000e+00
2.156862765550613403e-01
1.000000000000000000e+00
-2.784313857555389404e-01
-1.000000000000000000e+00
2.156862765550613403e-01
1.000000000000000000e+00
-2.705882489681243896e-01
-1.000000000000000000e+00
2.078431397676467896e-01
1.000000000000000000e+00
-2.784313857555389404e-01
-1.000000000000000000e+00
2.156862765550613403e-01
1.000000000000000000e+00
-2.784313857555389404e-01
-1.000000000000000000e+00
2.156862765550613403e-01
1.000000000000000000e+00
-2.784313857555389404e-01
-1.000000000000000000e+00
2.078431397676467896e-01
1.000000000000000000e+00
-2.862745225429534912e-01
-1.000000000000000000e+00
2.078431397676467896e-01
1.000000000000000000e+00
-2.862745225429534912e-01
-1.000000000000000000e+00
2.156862765550613403e-01
1.000000000000000000e+00
-2.862745225429534912e-01
-1.000000000000000000e+00
2.078431397676467896e-01
1.000000000000000000e+00
-2.705882489681243896e-01
-1.000000000000000000e+00
2.000000029802322388e-01
1.000000000000000000e+00
-2.784313857555389404e-01
-1.000000000000000000e+00
2.156862765550613403e-01
1.000000000000000000e+00
-2.784313857555389404e-01
-1.000000000000000000e+00
2.235294133424758911e-01
1.000000000000000000e+00
-2.862745225429534912e-01
-1.000000000000000000e+00
2.156862765550613403e-01
1.000000000000000000e+00
-2.784313857555389404e-01
-1.000000000000000000e+00
2.156862765550613403e-01
1.000000000000000000e+00
-2.784313857555389404e-01
-1.000000000000000000e+00
2.078431397676467896e-01
1.000000000000000000e+00
-2.784313857555389404e-01
-1.000000000000000000e+00
2.156862765550613403e-01
1.000000000000000000e+00
-2.784313857555389404e-01
-1.000000000000000000e+00
2.156862765550613403e-01
1.000000000000000000e+00
-2.784313857555389404e-01
-1.000000000000000000e+00
2.156862765550613403e-01
1.000000000000000000e+00
-2.862745225429534912e-01
-1.000000000000000000e+00
2.235294133424758911e-01
1.000000000000000000e+00
-2.784313857555389404e-01
-1.000000000000000000e+00
2.156862765550613403e-01
1.000000000000000000e+00
-2.784313857555389404e-01
-1.000000000000000000e+00
2.156862765550613403e-01
1.000000000000000000e+00
-2.784313857555389404e-01
-1.000000000000000000e+00
2.078431397676467896e-01
1.000000000000000000e+00
-2.784313857555389404e-01
-1.000000000000000000e+00
2.156862765550613403e-01
1.000000000000000000e+00
-2.784313857555389404e-01
-1.000000000000000000e+00
2.078431397676467896e-01
1.000000000000000000e+00
-2.784313857555389404e-01
-1.000000000000000000e+00
2.078431397676467896e-01
1.000000000000000000e+00
-2.862745225429534912e-01
-1.000000000000000000e+00
2.078431397676467896e-01
1.000000000000000000e+00
-2.705882489681243896e-01
-1.000000000000000000e+00
2.078431397676467896e-01
1.000000000000000000e+00
-2.862745225429534912e-01
-1.000000000000000000e+00
2.156862765550613403e-01
1.000000000000000000e+00
-2.862745225429534912e-01
-1.000000000000000000e+00
2.156862765550613403e-01
1.000000000000000000e+00
-2.784313857555389404e-01
-1.000000000000000000e+00
2.156862765550613403e-01
1.000000000000000000e+00
-2.784313857555389404e-01
-1.000000000000000000e+00
2.078431397676467896e-01
1.000000000000000000e+00
-2.784313857555389404e-01
-1.000000000000000000e+00
2.078431397676467896e-01
1.000000000000000000e+00
-2.784313857555389404e-01
-1.000000000000000000e+00
2.078431397676467896e-01
1.000000000000000000e+00
-2.784313857555389404e-01
-1.000000000000000000e+00
2.156862765550613403e-01
1.000000000000000000e+00
-2.784313857555389404e-01
-1.000000000000000000e+00
2.156862765550613403e-01
1.000000000000000000e+00
-2.784313857555389404e-01
-1.000000000000000000e+00
2.078431397676467896e-01
1.000000000000000000e+00
-2.784313857555389404e-01
-1.000000000000000000e+00
2.000000029802322388e-01
1.000000000000000000e+00
-2.784313857555389404e-01
-1.000000000000000000e+00
2.156862765550613403e-01
1.000000000000000000e+00
-2.784313857555389404e-01
-1.000000000000000000e+00
2.156862765550613403e-01
1.000000000000000000e+00
-2.862745225429534912e-01
-1.000000000000000000e+00
2.078431397676467896e-01
1.000000000000000000e+00
-2.784313857555389404e-01
-1.000000000000000000e+00
2.156862765550613403e-01
1.000000000000000000e+00
-2.705882489681243896e-01
-1.000000000000000000e+00
2.156862765550613403e-01
1.000000000000000000e+00
-2.784313857555389404e-01
-1.000000000000000000e+00
2.000000029802322388e-01
1.000000000000000000e+00
-2.784313857555389404e-01
-1.000000000000000000e+00
2.078431397676467896e-01
1.000000000000000000e+00
-2.862745225429534912e-01
-1.000000000000000000e+00
2.156862765550613403e-01
1.000000000000000000e+00
-2.784313857555389404e-01
-1.000000000000000000e+00
2.156862765550613403e-01
1.000000000000000000e+00
-2.784313857555389404e-01
-1.000000000000000000e+00
2.078431397676467896e-01
1.000000000000000000e+00
-2.784313857555389404e-01
-1.000000000000000000e+00
2.000000029802322388e-01
1.000000000000000000e+00
-2.784313857555389404e-01
-1.000000000000000000e+00
2.078431397676467896e-01
1.000000000000000000e+00
-2.784313857555389404e-01
-1.000000000000000000e+00
2.156862765550613403e-01
1.000000000000000000e+00
-2.784313857555389404e-01
-1.000000000000000000e+00
2.156862765550613403e-01
1.000000000000000000e+00
-2.784313857555389404e-01
-1.000000000000000000e+00
2.078431397676467896e-01
1.000000000000000000e+00
-2.784313857555389404e-01
-1.000000000000000000e+00
2.078431397676467896e-01
1.000000000000000000e+00
-2.705882489681243896e-01
-1.000000000000000000e+00
2.078431397676467896e-01
1.000000000000000000e+00
-2.784313857555389404e-01
-1.000000000000000000e+00
2.156862765550613403e-01
1.000000000000000000e+00
-2.784313857555389404e-01
-1.000000000000000000e+00
2.078431397676467896e-01
1.000000000000000000e+00
-2.784313857555389404e-01
-1.000000000000000000e+00
2.078431397676467896e-01
1.000000000000000000e+00
-2.705882489681243896e-01
-1.000000000000000000e+00
2.000000029802322388e-01
1.000000000000000000e+00
-2.784313857555389404e-01
-1.000000000000000000e+00
2.078431397676467896e-01
1.000000000000000000e+00
-2.784313857555389404e-01
-1.000000000000000000e+00
2.078431397676467896e-01
1.000000000000000000e+00
-2.784313857555389404e-01
-1.000000000000000000e+00
2.078431397676467896e-01
1.000000000000000000e+00
-2.784313857555389404e-01
-1.000000000000000000e+00
2.078431397676467896e-01
1.000000000000000000e+00
-2.784313857555389404e-01
-1.000000000000000000e+00
2.156862765550613403e-01
1.000000000000000000e+00
-2.784313857555389404e-01
-1.000000000000000000e+00
2.078431397676467896e-01
1.000000000000000000e+00
-2.705882489681243896e-01
-1.000000000000000000e+00
2.000000029802322388e-01
1.000000000000000000e+00
-2.784313857555389404e-01
-1.000000000000000000e+00
2.078431397676467896e-01
1.000000000000000000e+00
-2.784313857555389404e-01
-1.000000000000000000e+00
2.078431397676467896e-01
1.000000000000000000e+00
-2.784313857555389404e-01
-1.000000000000000000e+00
2.156862765550613403e-01
1.000000000000000000e+00
-2.784313857555389404e-01
-1.000000000000000000e+00
2.078431397676467896e-01
1.000000000000000000e+00
-2.784313857555389404e-01
-1.000000000000000000e+00
2.078431397676467896e-01
1.000000000000000000e+00
-2.705882489681243896e-01
-1.000000000000000000e+00
2.078431397676467896e-01
1.000000000000000000e+00
-2.705882489681243896e-01
-1.000000000000000000e+00
2.156862765550613403e-01
1.000000000000000000e+00
-2.784313857555389404e-01
-1.000000000000000000e+00
2.078431397676467896e-01
1.000000000000000000e+00
-2.784313857555389404e-01
-1.000000000000000000e+00
2.156862765550613403e-01
1.000000000000000000e+00
-2.784313857555389404e-01
-1.000000000000000000e+00
2.078431397676467896e-01
1.000000000000000000e+00
-2.784313857555389404e-01
-1.000000000000000000e+00
2.156862765550613403e-01
1.000000000000000000e+00
-2.784313857555389404e-01
-1.000000000000000000e+00
2.078431397676467896e-01
1.000000000000000000e+00
-2.705882489681243896e-01
-1.000000000000000000e+00
2.078431397676467896e-01
1.000000000000000000e+00
-2.784313857555389404e-01
-1.000000000000000000e+00
2.078431397676467896e-01
1.000000000000000000e+00
-2.784313857555389404e-01
-1.000000000000000000e+00
2.000000029802322388e-01
1.000000000000000000e+00
-2.784313857555389404e-01
-1.000000000000000000e+00
2.078431397676467896e-01
1.000000000000000000e+00
-2.627451121807098389e-01
-1.000000000000000000e+00
2.078431397676467896e-01
1.000000000000000000e+00
-2.784313857555389404e-01
-1.000000000000000000e+00
2.156862765550613403e-01
1.000000000000000000e+00
-2.784313857555389404e-01
-1.000000000000000000e+00
2.078431397676467896e-01
1.000000000000000000e+00
-2.784313857555389404e-01
-1.000000000000000000e+00
2.078431397676467896e-01
1.000000000000000000e+00
-2.705882489681243896e-01
-1.000000000000000000e+00
2.078431397676467896e-01
1.000000000000000000e+00
-2.705882489681243896e-01
-1.000000000000000000e+00
2.078431397676467896e-01
1.000000000000000000e+00
-2.784313857555389404e-01
-1.000000000000000000e+00
2.078431397676467896e-01
1.000000000000000000e+00
-2.784313857555389404e-01
-1.000000000000000000e+00
2.078431397676467896e-01
1.000000000000000000e+00
-2.784313857555389404e-01
-1.000000000000000000e+00
2.156862765550613403e-01
1.000000000000000000e+00
-2.705882489681243896e-01
-1.000000000000000000e+00
2.078431397676467896e-01
1.000000000000000000e+00
-2.705882489681243896e-01
-1.000000000000000000e+00
2.000000029802322388e-01
1.000000000000000000e+00
-2.627451121807098389e-01
-1.000000000000000000e+00
2.078431397676467896e-01
1.000000000000000000e+00
-2.784313857555389404e-01
-1.000000000000000000e+00
2.078431397676467896e-01
1.000000000000000000e+00
-2.784313857555389404e-01
-1.000000000000000000e+00
2.000000029802322388e-01
1.000000000000000000e+00
-2.784313857555389404e-01
-1.000000000000000000e+00
2.078431397676467896e-01
1.000000000000000000e+00
-2.705882489681243896e-01
-1.000000000000000000e+00
2.078431397676467896e-01
1.000000000000000000e+00
-2.705882489681243896e-01
-1.000000000000000000e+00
2.000000029802322388e-01
1.000000000000000000e+00
-2.784313857555389404e-01
-1.000000000000000000e+00
2.000000029802322388e-01
1.000000000000000000e+00
-2.784313857555389404e-01
-1.000000000000000000e+00
2.156862765550613403e-01
1.000000000000000000e+00
-2.784313857555389404e-01
-1.000000000000000000e+00
2.078431397676467896e-01
1.000000000000000000e+00
-2.784313857555389404e-01
-1.000000000000000000e+00
2.078431397676467896e-01
1.000000000000000000e+00
-2.705882489681243896e-01
-1.000000000000000000e+00
2.000000029802322388e-01
1.000000000000000000e+00
-2.705882489681243896e-01
-1.000000000000000000e+00
2.078431397676467896e-01
1.000000000000000000e+00
-2.784313857555389404e-01
-1.000000000000000000e+00
2.078431397676467896e-01
1.000000000000000000e+00
-2.784313857555389404e-01
-1.000000000000000000e+00
2.078431397676467896e-01
1.000000000000000000e+00
-2.784313857555389404e-01
-1.215686276555061340e-01
1.000000000000000000e+00
9.058823585510253906e-01
-5.058823823928833008e-01
-1.000000000000000000e+00
-4.666666686534881592e-01
1.000000000000000000e+00
1.000000000000000000e+00
-8.352941274642944336e-01
-1.000000000000000000e+00
-7.450980693101882935e-02
1.000000000000000000e+00
7.254902124404907227e-01
-5.686274766921997070e-01
-1.000000000000000000e+00
-3.568627536296844482e-01
1.000000000000000000e+00
1.000000000000000000e+00
-5.686274766921997070e-01
-1.000000000000000000e+00
-2.156862765550613403e-01
1.000000000000000000e+00
9.215686321258544922e-01
-8.823529481887817383e-01
-1.000000000000000000e+00
-1.058823540806770325e-01
1.000000000000000000e+00
9.058823585510253906e-01
-5.058823823928833008e-01
-1.000000000000000000e+00
-4.588235318660736084e-01
1.000000000000000000e+00
1.000000000000000000e+00
-8.274509906768798828e-01
-1.000000000000000000e+00
-7.450980693101882935e-02
1.000000000000000000e+00
7.176470756530761719e-01
-5.843137502670288086e-01
-1.000000000000000000e+00
-3.490196168422698975e-01
1.000000000000000000e+00
1.000000000000000000e+00
-5.686274766921997070e-01
-1.000000000000000000e+00
-2.156862765550613403e-01
1.000000000000000000e+00
9.294117689132690430e-01
-8.666666746139526367e-01
-1.000000000000000000e+00
-1.137254908680915833e-01
1.000000000000000000e+00
8.980392217636108398e-01
-5.058823823928833008e-01
-1.000000000000000000e+00
-4.588235318660736084e-01
1.000000000000000000e+00
1.000000000000000000e+00
-8.274509906768798828e-01
-1.000000000000000000e+00
-7.450980693101882935e-02
1.000000000000000000e+00
7.176470756530761719e-01
-5.843137502670288086e-01
-1.000000000000000000e+00
-3.490196168422698975e-01
1.000000000000000000e+00
1.000000000000000000e+00
-5.921568870544433594e-01
-1.000000000000000000e+00
-2.078431397676467896e-01
1.000000000000000000e+00
9.294117689132690430e-01
-8.745098114013671875e-01
-1.000000000000000000e+00
-1.058823540806770325e-01
1.000000000000000000e+00
9.137254953384399414e-01
-4.980392158031463623e-01
-1.000000000000000000e+00
-4.666666686534881592e-01
1.000000000000000000e+00
1.000000000000000000e+00
-8.352941274642944336e-01
-1.000000000000000000e+00
-7.450980693101882935e-02
1.000000000000000000e+00
7.098039388656616211e-01
-5.921568870544433594e-01
-1.000000000000000000e+00
-3.490196168422698975e-01
1.000000000000000000e+00
1.000000000000000000e+00
-5.607843399047851562e-01
-1.000000000000000000e+00
-2.078431397676467896e-01
1.000000000000000000e+00
9.294117689132690430e-01
-8.745098114013671875e-01
-1.000000000000000000e+00
-1.137254908680915833e-01
1.000000000000000000e+00
9.058823585510253906e-01
-5.058823823928833008e-01
-1.000000000000000000e+00
-4.666666686534881592e-01
1.000000000000000000e+00
1.000000000000000000e+00
-8.352941274642944336e-01
-1.000000000000000000e+00
-7.450980693101882935e-02
1.000000000000000000e+00
7.254902124404907227e-01
-5.764706134796142578e-01
-1.000000000000000000e+00
-3.411764800548553467e-01
1.000000000000000000e+00
1.000000000000000000e+00
-5.607843399047851562e-01
-1.000000000000000000e+00
-2.156862765550613403e-01
1.000000000000000000e+00
9.294117689132690430e-01
-8.823529481887817383e-01
-1.000000000000000000e+00
-1.137254908680915833e-01
1.000000000000000000e+00
9.058823585510253906e-01
-4.980392158031463623e-01
-1.000000000000000000e+00
-4.588235318660736084e-01
1.000000000000000000e+00
1.000000000000000000e+00
-8.352941274642944336e-01
-1.000000000000000000e+00
-5.098039284348487854e-02
1.000000000000000000e+00
7.098039388656616211e-01
-5.921568870544433594e-01
-1.000000000000000000e+00
-3.411764800548553467e-01
1.000000000000000000e+00
1.000000000000000000e+00
-5.686274766921997070e-01
-1.000000000000000000e+00
-2.000000029802322388e-01
1.000000000000000000e+00
9.137254953384399414e-01
-8.588235378265380859e-01
-1.000000000000000000e+00
-1.215686276555061340e-01
9.921568632125854492e-01
9.215686321258544922e-01
-4.823529422283172607e-01
-1.000000000000000000e+00
-4.588235318660736084e-01
1.000000000000000000e+00
1.000000000000000000e+00
-8.352941274642944336e-01
-1.000000000000000000e+00
-7.450980693101882935e-02
1.000000000000000000e+00
7.098039388656616211e-01
-5.921568870544433594e-01
-1.000000000000000000e+00
-3.568627536296844482e-01
1.000000000000000000e+00
1.000000000000000000e+00
-5.686274766921997070e-01
-1.000000000000000000e+00
-2.235294133424758911e-01
1.000000000000000000e+00
9.450980424880981445e-01
-8.509804010391235352e-01
-1.000000000000000000e+00
-1.294117718935012817e-01
9.921568632125854492e-01
9.058823585510253906e-01
-4.980392158031463623e-01
-1.000000000000000000e+00
-4.588235318660736084e-01
1.000000000000000000e+00
1.000000000000000000e+00
-8.352941274642944336e-01
-1.000000000000000000e+00
-6.666667014360427856e-02
1.000000000000000000e+00
7.098039388656616211e-01
-5.921568870544433594e-01
-1.000000000000000000e+00
-3.411764800548553467e-01
1.000000000000000000e+00
1.000000000000000000e+00
-5.686274766921997070e-01
-1.000000000000000000e+00
-2.235294133424758911e-01
1.000000000000000000e+00
9.372549057006835938e-01
-8.588235378265380859e-01
-1.000000000000000000e+00
-1.294117718935012817e-01
9.921568632125854492e-01
9.058823585510253906e-01
-4.980392158031463623e-01
-1.000000000000000000e+00
-4.666666686534881592e-01
1.000000000000000000e+00
1.000000000000000000e+00
-8.352941274642944336e-01
-1.000000000000000000e+00
-7.450980693101882935e-02
1.000000000000000000e+00
7.254902124404907227e-01
-5.764706134796142578e-01
-1.000000000000000000e+00
-3.411764800548553467e-01
1.000000000000000000e+00
1.000000000000000000e+00
-5.607843399047851562e-01
-1.000000000000000000e+00
-2.156862765550613403e-01
1.000000000000000000e+00
9.137254953384399414e-01
-8.980392217636108398e-01
-1.000000000000000000e+00
-1.137254908680915833e-01
1.000000000000000000e+00
9.058823585510253906e-01
-4.901960790157318115e-01
-1.000000000000000000e+00
-4.588235318660736084e-01
1.000000000000000000e+00
1.000000000000000000e+00
-8.274509906768798828e-01
-1.000000000000000000e+00
-6.666667014360427856e-02
1.000000000000000000e+00
7.098039388656616211e-01
-5.921568870544433594e-01
-1.000000000000000000e+00
-3.490196168422698975e-01
1.000000000000000000e+00
1.000000000000000000e+00
-5.686274766921997070e-01
-1.000000000000000000e+00
-2.235294133424758911e-01
1.000000000000000000e+00
9.372549057006835938e-01
-8.588235378265380859e-01
-1.000000000000000000e+00
-1.215686276555061340e-01
9.921568632125854492e-01
9.058823585510253906e-01
-4.980392158031463623e-01
