-1.000000000000000000e+00
-1.294117718935012817e-01
1.000000000000000000e+00
4.745098054409027100e-01
-1.000000000000000000e+00
-7.882353067398071289e-01
8.588235378265380859e-01
1.000000000000000000e+00
-5.764706134796142578e-01
-1.000000000000000000e+00
2.235294133424758911e-01
1.000000000000000000e+00
1.215686276555061340e-01
-1.000000000000000000e+00
-4.823529422283172607e-01
1.000000000000000000e+00
7.882353067398071289e-01
-8.745098114013671875e-01
-1.000000000000000000e+00
5.686274766921997070e-01
1.000000000000000000e+00
-2.313725501298904419e-01
-1.000000000000000000e+00
-1.294117718935012817e-01
1.000000000000000000e+00
4.745098054409027100e-01
-1.000000000000000000e+00
-7.882353067398071289e-01
8.588235378265380859e-01
1.000000000000000000e+00
-5.764706134796142578e-01
-1.000000000000000000e+00
2.313725501298904419e-01
1.000000000000000000e+00
1.215686276555061340e-01
-1.000000000000000000e+00
-4.823529422283172607e-01
1.000000000000000000e+00
7.803921699523925781e-01
-8.666666746139526367e-01
-1.000000000000000000e+00
5.607843399047851562e-01
1.000000000000000000e+00
-2.392156869173049927e-01
-1.000000000000000000e+00
-1.372549086809158325e-01
1.000000000000000000e+00
4.745098054409027100e-01
-1.000000000000000000e+00
-7.960784435272216797e-01
8.588235378265380859e-01
1.000000000000000000e+00
-5.843137502670288086e-01
-1.000000000000000000e+00
2.313725501298904419e-01
1.000000000000000000e+00
1.215686276555061340e-01
-1.000000000000000000e+00
-4.823529422283172607e-01
1.000000000000000000e+00
7.803921699523925781e-01
-8.745098114013671875e-01
-1.000000000000000000e+00
5.686274766921997070e-01
1.000000000000000000e+00
-2.313725501298904419e-01
-1.000000000000000000e+00
-1.372549086809158325e-01
1.000000000000000000e+00
4.745098054409027100e-01
-1.000000000000000000e+00
-7.960784435272216797e-01
8.588235378265380859e-01
1.000000000000000000e+00
-5.764706134796142578e-01
-1.000000000000000000e+00
2.235294133424758911e-01
1.000000000000000000e+00
1.215686276555061340e-01
-1.000000000000000000e+00
-4.823529422283172607e-01
1.000000000000000000e+00
7.882353067398071289e-01
-8.745098114013671875e-01
-1.000000000000000000e+00
5.686274766921997070e-01
1.000000000000000000e+00
-2.313725501298904419e-01
-1.000000000000000000e+00
-1.294117718935012817e-01
1.000000000000000000e+00
4.745098054409027100e-01
-1.000000000000000000e+00
-7.960784435272216797e-01
8.666666746139526367e-01
1.000000000000000000e+00
-5.764706134796142578e-01
-1.000000000000000000e+00
2.313725501298904419e-01
1.000000000000000000e+00
1.294117718935012817e-01
-1.000000000000000000e+00
-4.823529422283172607e-01
1.000000000000000000e+00
7.882353067398071289e-01
-8.666666746139526367e-01
-1.000000000000000000e+00
5.607843399047851562e-01
1.000000000000000000e+00
-2.313725501298904419e-01
-1.000000000000000000e+00
-1.372549086809158325e-01
1.000000000000000000e+00
4.745098054409027100e-01
-1.000000000000000000e+00
-7.960784435272216797e-01
8.588235378265380859e-01
1.000000000000000000e+00
-5.764706134796142578e-01
-1.000000000000000000e+00
2.235294133424758911e-01
1.000000000000000000e+00
1.215686276555061340e-01
-1.000000000000000000e+00
-4.823529422283172607e-01
1.000000000000000000e+00
7.803921699523925781e-01
-8.666666746139526367e-01
-1.000000000000000000e+00
5.686274766921997070e-01
1.000000000000000000e+00
-2.313725501298904419e-01
-1.000000000000000000e+00
-1.294117718935012817e-01
1.000000000000000000e+00
4.745098054409027100e-01
-1.000000000000000000e+00
-7.960784435272216797e-01
8.588235378265380859e-01
1.000000000000000000e+00
-5.764706134796142578e-01
-1.000000000000000000e+00
2.313725501298904419e-01
1.000000000000000000e+00
1.215686276555061340e-01
-1.000000000000000000e+00
-4.823529422283172607e-01
1.000000000000000000e+00
7.882353067398071289e-01
-8.666666746139526367e-01
-1.000000000000000000e+00
5.686274766921997070e-01
1.000000000000000000e+00
-2.313725501298904419e-01
-1.000000000000000000e+00
-1.294117718935012817e-01
1.000000000000000000e+00
4.745098054409027100e-01
-1.000000000000000000e+00
-7.960784435272216797e-01
8.588235378265380859e-01
1.000000000000000000e+00
-5.764706134796142578e-01
-1.000000000000000000e+00
2.235294133424758911e-01
1.000000000000000000e+00
1.294117718935012817e-01
-1.000000000000000000e+00
-4.823529422283172607e-01
1.000000000000000000e+00
7.803921699523925781e-01
-8.666666746139526367e-01
-1.000000000000000000e+00
5.686274766921997070e-01
1.000000000000000000e+00
-2.313725501298904419e-01
-1.000000000000000000e+00
-1.294117718935012817e-01
1.000000000000000000e+00
4.745098054409027100e-01
-1.000000000000000000e+00
-7.960784435272216797e-01
8.588235378265380859e-01
1.000000000000000000e+00
-5.764706134796142578e-01
-1.000000000000000000e+00
2.235294133424758911e-01
1.000000000000000000e+00
1.294117718935012817e-01
-1.000000000000000000e+00
-4.901960790157318115e-01
1.000000000000000000e+00
7.803921699523925781e-01
-8.745098114013671875e-01
-1.000000000000000000e+00
5.607843399047851562e-01
1.000000000000000000e+00
-2.313725501298904419e-01
-1.000000000000000000e+00
-1.372549086809158325e-01
1.000000000000000000e+00
4.745098054409027100e-01
-1.000000000000000000e+00
-7.960784435272216797e-01
8.588235378265380859e-01
1.000000000000000000e+00
-5.764706134796142578e-01
-1.000000000000000000e+00
2.235294133424758911e-01
1.000000000000000000e+00
1.215686276555061340e-01
-1.000000000000000000e+00
-4.823529422283172607e-01
1.000000000000000000e+00
7.882353067398071289e-01
-8.666666746139526367e-01
-1.000000000000000000e+00
5.686274766921997070e-01
1.000000000000000000e+00
-2.392156869173049927e-01
-1.000000000000000000e+00
-1.294117718935012817e-01
1.000000000000000000e+00
4.745098054409027100e-01
-1.000000000000000000e+00
-7.960784435272216797e-01
8.588235378265380859e-01
1.000000000000000000e+00
-5.764706134796142578e-01
-1.000000000000000000e+00
2.235294133424758911e-01
1.000000000000000000e+00
1.294117718935012817e-01
-1.000000000000000000e+00
-4.823529422283172607e-01
1.000000000000000000e+00
7.803921699523925781e-01
-8.666666746139526367e-01
-1.000000000000000000e+00
5.686274766921997070e-01
1.000000000000000000e+00
-2.313725501298904419e-01
-1.000000000000000000e+00
-1.294117718935012817e-01
1.000000000000000000e+00
4.745098054409027100e-01
-1.000000000000000000e+00
-7.960784435272216797e-01
8.588235378265380859e-01
1.000000000000000000e+00
-5.764706134796142578e-01
-1.000000000000000000e+00
2.235294133424758911e-01
1.000000000000000000e+00
1.294117718935012817e-01
-1.000000000000000000e+00
-4.823529422283172607e-01
1.000000000000000000e+00
7.803921699523925781e-01
-8.745098114013671875e-01
-1.000000000000000000e+00
5.686274766921997070e-01
1.000000000000000000e+00
-2.392156869173049927e-01
-1.000000000000000000e+00
-1.372549086809158325e-01
1.000000000000000000e+00
4.745098054409027100e-01
-1.000000000000000000e+00
-7.960784435272216797e-01
8.588235378265380859e-01
1.000000000000000000e+00
-5.764706134796142578e-01
-1.000000000000000000e+00
2.235294133424758911e-01
1.000000000000000000e+00
1.294117718935012817e-01
-1.000000000000000000e+00
-4.823529422283172607e-01
1.000000000000000000e+00
7.882353067398071289e-01
-8.666666746139526367e-01
-1.000000000000000000e+00
5.686274766921997070e-01
1.000000000000000000e+00
-2.392156869173049927e-01
-1.000000000000000000e+00
-1.294117718935012817e-01
1.000000000000000000e+00
4.745098054409027100e-01
-1.000000000000000000e+00
-7.960784435272216797e-01
8.588235378265380859e-01
1.000000000000000000e+00
-5.764706134796142578e-01
-1.000000000000000000e+00
2.235294133424758911e-01
1.000000000000000000e+00
1.294117718935012817e-01
-1.000000000000000000e+00
-4.823529422283172607e-01
1.000000000000000000e+00
7.803921699523925781e-01
-8.666666746139526367e-01
-1.000000000000000000e+00
5.686274766921997070e-01
1.000000000000000000e+00
-2.313725501298904419e-01
-1.000000000000000000e+00
-1.294117718935012817e-01
1.000000000000000000e+00
4.666666686534881592e-01
-1.000000000000000000e+00
-7.960784435272216797e-01
8.588235378265380859e-01
1.000000000000000000e+00
-5.764706134796142578e-01
-1.000000000000000000e+00
2.235294133424758911e-01
1.000000000000000000e+00
1.215686276555061340e-01
-1.000000000000000000e+00
-4.823529422283172607e-01
1.000000000000000000e+00
7.803921699523925781e-01
-8.745098114013671875e-01
-1.000000000000000000e+00
5.686274766921997070e-01
1.000000000000000000e+00
-2.313725501298904419e-01
-1.000000000000000000e+00
-1.372549086809158325e-01
1.000000000000000000e+00
4.745098054409027100e-01
-1.000000000000000000e+00
-7.960784435272216797e-01
8.588235378265380859e-01
1.000000000000000000e+00
-5.764706134796142578e-01
-1.000000000000000000e+00
2.235294133424758911e-01
1.000000000000000000e+00
1.215686276555061340e-01
-1.000000000000000000e+00
-4.823529422283172607e-01
1.000000000000000000e+00
7.803921699523925781e-01
-8.745098114013671875e-01
-1.000000000000000000e+00
5.686274766921997070e-01
1.000000000000000000e+00
-2.313725501298904419e-01
-1.000000000000000000e+00
-1.294117718935012817e-01
1.000000000000000000e+00
4.745098054409027100e-01
-1.000000000000000000e+00
-7.960784435272216797e-01
8.588235378265380859e-01
1.000000000000000000e+00
-5.764706134796142578e-01
-1.000000000000000000e+00
2.313725501298904419e-01
1.000000000000000000e+00
1.215686276555061340e-01
-1.000000000000000000e+00
-4.823529422283172607e-01
1.000000000000000000e+00
7.803921699523925781e-01
-8.666666746139526367e-01
-1.000000000000000000e+00
5.686274766921997070e-01
1.000000000000000000e+00
-2.313725501298904419e-01
-1.000000000000000000e+00
-1.294117718935012817e-01
1.000000000000000000e+00
4.745098054409027100e-01
-1.000000000000000000e+00
-7.960784435272216797e-01
8.588235378265380859e-01
1.000000000000000000e+00
-5.764706134796142578e-01
-1.000000000000000000e+00
2.313725501298904419e-01
1.000000000000000000e+00
1.215686276555061340e-01
-1.000000000000000000e+00
-4.823529422283172607e-01
1.000000000000000000e+00
7.803921699523925781e-01
-8.745098114013671875e-01
-1.000000000000000000e+00
5.686274766921997070e-01
1.000000000000000000e+00
-2.392156869173049927e-01
-1.000000000000000000e+00
-1.372549086809158325e-01
1.000000000000000000e+00
4.745098054409027100e-01
-1.000000000000000000e+00
-7.960784435272216797e-01
8.588235378265380859e-01
1.000000000000000000e+00
-5.764706134796142578e-01
-1.000000000000000000e+00
2.235294133424758911e-01
1.000000000000000000e+00
1.294117718935012817e-01
-1.000000000000000000e+00
-4.823529422283172607e-01
1.000000000000000000e+00
7.803921699523925781e-01
-8.666666746139526367e-01
-1.000000000000000000e+00
5.686274766921997070e-01
1.000000000000000000e+00
-2.313725501298904419e-01
-1.000000000000000000e+00
-1.294117718935012817e-01
1.000000000000000000e+00
4.745098054409027100e-01
-1.000000000000000000e+00
-7.882353067398071289e-01
8.666666746139526367e-01
1.000000000000000000e+00
-5.764706134796142578e-01
-1.000000000000000000e+00
2.235294133424758911e-01
1.000000000000000000e+00
1.215686276555061340e-01
-1.000000000000000000e+00
-4.823529422283172607e-01
1.000000000000000000e+00
7.803921699523925781e-01
-8.745098114013671875e-01
-1.000000000000000000e+00
5.686274766921997070e-01
1.000000000000000000e+00
-2.313725501298904419e-01
-1.000000000000000000e+00
-1.294117718935012817e-01
1.000000000000000000e+00
4.745098054409027100e-01
-1.000000000000000000e+00
-7.960784435272216797e-01
8.588235378265380859e-01
1.000000000000000000e+00
-5.686274766921997070e-01
-1.000000000000000000e+00
2.235294133424758911e-01
1.000000000000000000e+00
1.294117718935012817e-01
-1.000000000000000000e+00
-4.823529422283172607e-01
1.000000000000000000e+00
7.803921699523925781e-01
-8.745098114013671875e-01
-1.000000000000000000e+00
5.607843399047851562e-01
1.000000000000000000e+00
-2.392156869173049927e-01
-1.000000000000000000e+00
-1.372549086809158325e-01
1.000000000000000000e+00
4.666666686534881592e-01
-1.000000000000000000e+00
-7.960784435272216797e-01
8.588235378265380859e-01
1.000000000000000000e+00
-5.764706134796142578e-01
-1.000000000000000000e+00
2.235294133424758911e-01
1.000000000000000000e+00
1.215686276555061340e-01
-1.000000000000000000e+00
-4.823529422283172607e-01
1.000000000000000000e+00
7.803921699523925781e-01
-8.666666746139526367e-01
-1.000000000000000000e+00
5.607843399047851562e-01
1.000000000000000000e+00
-2.313725501298904419e-01
-1.000000000000000000e+00
-1.372549086809158325e-01
1.000000000000000000e+00
4.745098054409027100e-01
-1.000000000000000000e+00
-7.960784435272216797e-01
8.588235378265380859e-01
1.000000000000000000e+00
-5.764706134796142578e-01
-1.000000000000000000e+00
2.235294133424758911e-01
1.000000000000000000e+00
1.215686276555061340e-01
-1.000000000000000000e+00
-4.823529422283172607e-01
1.000000000000000000e+00
7.803921699523925781e-01
-8.666666746139526367e-01
-1.000000000000000000e+00
5.686274766921997070e-01
1.000000000000000000e+00
-2.313725501298904419e-01
-1.000000000000000000e+00
-1.294117718935012817e-01
1.000000000000000000e+00
4.745098054409027100e-01
-1.000000000000000000e+00
-7.960784435272216797e-01
8.588235378265380859e-01
1.000000000000000000e+00
-5.764706134796142578e-01
-1.000000000000000000e+00
2.235294133424758911e-01
1.000000000000000000e+00
1.215686276555061340e-01
-1.000000000000000000e+00
-4.823529422283172607e-01
1.000000000000000000e+00
7.803921699523925781e-01
-8.745098114013671875e-01
-1.000000000000000000e+00
5.607843399047851562e-01
1.000000000000000000e+00
-2.313725501298904419e-01
-1.000000000000000000e+00
-1.294117718935012817e-01
1.000000000000000000e+00
4.745098054409027100e-01
-1.000000000000000000e+00
-7.960784435272216797e-01
8.588235378265380859e-01
1.000000000000000000e+00
-5.764706134796142578e-01
-1.000000000000000000e+00
2.235294133424758911e-01
1.000000000000000000e+00
1.215686276555061340e-01
-1.000000000000000000e+00
-4.823529422283172607e-01
1.000000000000000000e+00
7.803921699523925781e-01
-8.666666746139526367e-01
-1.000000000000000000e+00
5.686274766921997070e-01
1.000000000000000000e+00
-2.313725501298904419e-01
-1.000000000000000000e+00
-1.294117718935012817e-01
1.000000000000000000e+00
4.745098054409027100e-01
-1.000000000000000000e+00
-7.882353067398071289e-01
8.588235378265380859e-01
1.000000000000000000e+00
-5.764706134796142578e-01
-1.000000000000000000e+00
2.235294133424758911e-01
1.000000000000000000e+00
1.294117718935012817e-01
-1.000000000000000000e+00
-4.823529422283172607e-01
1.000000000000000000e+00
7.882353067398071289e-01
-8.666666746139526367e-01
-1.000000000000000000e+00
5.607843399047851562e-01
1.000000000000000000e+00
-2.313725501298904419e-01
-1.000000000000000000e+00
-1.294117718935012817e-01
1.000000000000000000e+00
4.745098054409027100e-01
-1.000000000000000000e+00
-7.803921699523925781e-01
8.588235378265380859e-01
1.000000000000000000e+00
-5.764706134796142578e-01
-1.000000000000000000e+00
2.313725501298904419e-01
1.000000000000000000e+00
1.215686276555061340e-01
-1.000000000000000000e+00
-4.823529422283172607e-01
1.000000000000000000e+00
7.803921699523925781e-01
-8.745098114013671875e-01
-1.000000000000000000e+00
5.607843399047851562e-01
1.000000000000000000e+00
-2.392156869173049927e-01
-1.000000000000000000e+00
-1.372549086809158325e-01
1.000000000000000000e+00
4.666666686534881592e-01
-1.000000000000000000e+00
-7.960784435272216797e-01
8.588235378265380859e-01
1.000000000000000000e+00
-5.764706134796142578e-01
-1.000000000000000000e+00
2.235294133424758911e-01
1.000000000000000000e+00
1.294117718935012817e-01
-1.000000000000000000e+00
-4.823529422283172607e-01
1.000000000000000000e+00
7.803921699523925781e-01
-8.745098114013671875e-01
-1.000000000000000000e+00
5.686274766921997070e-01
1.000000000000000000e+00
-2.392156869173049927e-01
-1.000000000000000000e+00
-1.294117718935012817e-01
1.000000000000000000e+00
4.745098054409027100e-01
-1.000000000000000000e+00
-7.960784435272216797e-01
8.588235378265380859e-01
1.000000000000000000e+00
-5.764706134796142578e-01
-1.000000000000000000e+00
2.313725501298904419e-01
1.000000000000000000e+00
1.294117718935012817e-01
-1.000000000000000000e+00
-4.823529422283172607e-01
1.000000000000000000e+00
7.803921699523925781e-01
-8.666666746139526367e-01
-1.000000000000000000e+00
5.686274766921997070e-01
1.000000000000000000e+00
-2.313725501298904419e-01
-1.000000000000000000e+00
-1.372549086809158325e-01
1.000000000000000000e+00
4.745098054409027100e-01
-1.000000000000000000e+00
-7.882353067398071289e-01
8.588235378265380859e-01
1.000000000000000000e+00
-5.686274766921997070e-01
-1.000000000000000000e+00
2.313725501298904419e-01
1.000000000000000000e+00
1.215686276555061340e-01
-1.000000000000000000e+00
-4.823529422283172607e-01
1.000000000000000000e+00
7.803921699523925781e-01
-8.745098114013671875e-01
-1.000000000000000000e+00
5.607843399047851562e-01
1.000000000000000000e+00
-2.313725501298904419e-01
-1.000000000000000000e+00
-1.372549086809158325e-01
1.000000000000000000e+00
4.666666686534881592e-01
-1.000000000000000000e+00
-7.882353067398071289e-01
8.588235378265380859e-01
1.000000000000000000e+00
-5.764706134796142578e-01
-1.000000000000000000e+00
2.235294133424758911e-01
1.000000000000000000e+00
1.294117718935012817e-01
-1.000000000000000000e+00
-4.823529422283172607e-01
1.000000000000000000e+00
7.803921699523925781e-01
-8.745098114013671875e-01
-1.000000000000000000e+00
5.686274766921997070e-01
1.000000000000000000e+00
-2.313725501298904419e-01
-1.000000000000000000e+00
-1.372549086809158325e-01
1.000000000000000000e+00
4.745098054409027100e-01
-1.000000000000000000e+00
-7.960784435272216797e-01
8.588235378265380859e-01
1.000000000000000000e+00
-5.764706134796142578e-01
-1.000000000000000000e+00
2.235294133424758911e-01
1.000000000000000000e+00
1.215686276555061340e-01
-1.000000000000000000e+00
-4.823529422283172607e-01
1.000000000000000000e+00
7.803921699523925781e-01
-8.666666746139526367e-01
-1.000000000000000000e+00
5.686274766921997070e-01
1.000000000000000000e+00
-2.313725501298904419e-01
-1.000000000000000000e+00
-1.372549086809158325e-01
1.000000000000000000e+00
4.745098054409027100e-01
-1.000000000000000000e+00
-7.882353067398071289e-01
8.588235378265380859e-01
1.000000000000000000e+00
-5.764706134796142578e-01
-1.000000000000000000e+00
2.313725501298904419e-01
1.000000000000000000e+00
1.215686276555061340e-01
-1.000000000000000000e+00
-4.823529422283172607e-01
1.000000000000000000e+00
7.803921699523925781e-01
-8.745098114013671875e-01
-1.000000000000000000e+00
5.607843399047851562e-01
1.000000000000000000e+00
-2.313725501298904419e-01
-1.000000000000000000e+00
-1.372549086809158325e-01
1.000000000000000000e+00
4.745098054409027100e-01
-1.000000000000000000e+00
-7.960784435272216797e-01
8.588235378265380859e-01
1.000000000000000000e+00
-5.764706134796142578e-01
-1.000000000000000000e+00
2.235294133424758911e-01
1.000000000000000000e+00
1.294117718935012817e-01
-1.000000000000000000e+00
-4.823529422283172607e-01
1.000000000000000000e+00
7.803921699523925781e-01
-8.666666746139526367e-01
-1.000000000000000000e+00
5.686274766921997070e-01
1.000000000000000000e+00
-2.392156869173049927e-01
-1.000000000000000000e+00
-1.294117718935012817e-01
1.000000000000000000e+00
4.745098054409027100e-01
-1.000000000000000000e+00
-7.960784435272216797e-01
8.588235378265380859e-01
1.000000000000000000e+00
-5.764706134796142578e-01
-1.000000000000000000e+00
2.235294133424758911e-01
1.000000000000000000e+00
1.294117718935012817e-01
-1.000000000000000000e+00
-4.823529422283172607e-01
1.000000000000000000e+00
7.803921699523925781e-01
-8.745098114013671875e-01
-1.000000000000000000e+00
5.686274766921997070e-01
1.000000000000000000e+00
-2.313725501298904419e-01
-1.000000000000000000e+00
-1.294117718935012817e-01
1.000000000000000000e+00
4.745098054409027100e-01
-1.000000000000000000e+00
-7.882353067398071289e-01
8.588235378265380859e-01
1.000000000000000000e+00
-5.764706134796142578e-01
-1.000000000000000000e+00
2.313725501298904419e-01
1.000000000000000000e+00
1.294117718935012817e-01
-1.000000000000000000e+00
-4.901960790157318115e-01
1.000000000000000000e+00
7.803921699523925781e-01
-8.745098114013671875e-01
-1.000000000000000000e+00
5.607843399047851562e-01
1.000000000000000000e+00
-2.313725501298904419e-01
-1.000000000000000000e+00
-1.294117718935012817e-01
1.000000000000000000e+00
4.745098054409027100e-01
-1.000000000000000000e+00
-7.960784435272216797e-01
8.588235378265380859e-01
1.000000000000000000e+00
-5.764706134796142578e-01
-1.000000000000000000e+00
2.235294133424758911e-01
1.000000000000000000e+00
1.215686276555061340e-01
-1.000000000000000000e+00
-4.745098054409027100e-01
1.000000000000000000e+00
7.803921699523925781e-01
-8.745098114013671875e-01
-1.000000000000000000e+00
5.686274766921997070e-01
1.000000000000000000e+00
-2.313725501298904419e-01
-1.000000000000000000e+00
-1.372549086809158325e-01
1.000000000000000000e+00
4.745098054409027100e-01
-1.000000000000000000e+00
-7.960784435272216797e-01
8.588235378265380859e-01
1.000000000000000000e+00
-5.764706134796142578e-01
-1.000000000000000000e+00
2.235294133424758911e-01
1.000000000000000000e+00
1.215686276555061340e-01
-1.000000000000000000e+00
-4.823529422283172607e-01
1.000000000000000000e+00
7.803921699523925781e-01
-8.745098114013671875e-01
-1.000000000000000000e+00
5.686274766921997070e-01
1.000000000000000000e+00
-2.313725501298904419e-01
-1.000000000000000000e+00
-1.294117718935012817e-01
1.000000000000000000e+00
4.745098054409027100e-01
-1.000000000000000000e+00
-7.960784435272216797e-01
8.588235378265380859e-01
1.000000000000000000e+00
-5.764706134796142578e-01
-1.000000000000000000e+00
2.235294133424758911e-01
1.000000000000000000e+00
1.215686276555061340e-01
-1.000000000000000000e+00
-4.745098054409027100e-01
1.000000000000000000e+00
7.882353067398071289e-01
-8.745098114013671875e-01
-1.000000000000000000e+00
5.764706134796142578e-01
1.000000000000000000e+00
-2.392156869173049927e-01
-1.000000000000000000e+00
-1.372549086809158325e-01
1.000000000000000000e+00
4.745098054409027100e-01
-1.000000000000000000e+00
-7.960784435272216797e-01
8.588235378265380859e-01
1.000000000000000000e+00
-5.764706134796142578e-01
-1.000000000000000000e+00
2.235294133424758911e-01
1.000000000000000000e+00
1.215686276555061340e-01
-1.000000000000000000e+00
-4.823529422283172607e-01
1.000000000000000000e+00
7.803921699523925781e-01
-8.745098114013671875e-01
-1.000000000000000000e+00
5.607843399047851562e-01
1.000000000000000000e+00
-2.313725501298904419e-01
-1.000000000000000000e+00
-1.372549086809158325e-01
1.000000000000000000e+00
4.745098054409027100e-01
-1.000000000000000000e+00
-7.960784435272216797e-01
8.588235378265380859e-01
1.000000000000000000e+00
-5.764706134796142578e-01
-1.000000000000000000e+00
2.235294133424758911e-01
1.000000000000000000e+00
1.294117718935012817e-01
-1.000000000000000000e+00
-4.823529422283172607e-01
1.000000000000000000e+00
7.803921699523925781e-01
-8.666666746139526367e-01
-1.000000000000000000e+00
5.686274766921997070e-01
1.000000000000000000e+00
-2.313725501298904419e-01
-1.000000000000000000e+00
-1.294117718935012817e-01
1.000000000000000000e+00
4.745098054409027100e-01
-1.000000000000000000e+00
-7.960784435272216797e-01
8.588235378265380859e-01
1.000000000000000000e+00
-5.764706134796142578e-01
-1.000000000000000000e+00
2.313725501298904419e-01
1.000000000000000000e+00
1.294117718935012817e-01
-1.000000000000000000e+00
-4.823529422283172607e-01
1.000000000000000000e+00
7.725490331649780273e-01
-8.666666746139526367e-01
-1.000000000000000000e+00
5.607843399047851562e-01
1.000000000000000000e+00
-2.313725501298904419e-01
-1.000000000000000000e+00
-1.294117718935012817e-01
1.000000000000000000e+00
4.745098054409027100e-01
-1.000000000000000000e+00
-7.960784435272216797e-01
8.509804010391235352e-01
1.000000000000000000e+00
-5.764706134796142578e-01
-1.000000000000000000e+00
2.235294133424758911e-01
1.000000000000000000e+00
1.215686276555061340e-01
-1.000000000000000000e+00
-4.823529422283172607e-01
1.000000000000000000e+00
7.803921699523925781e-01
-8.666666746139526367e-01
-1.000000000000000000e+00
5.607843399047851562e-01
1.000000000000000000e+00
-2.313725501298904419e-01
-1.000000000000000000e+00
-1.294117718935012817e-01
1.000000000000000000e+00
4.745098054409027100e-01
-1.000000000000000000e+00
-7.882353067398071289e-01
8.588235378265380859e-01
1.000000000000000000e+00
-5.764706134796142578e-01
-1.000000000000000000e+00
2.235294133424758911e-01
1.000000000000000000e+00
1.294117718935012817e-01
-1.000000000000000000e+00
-4.823529422283172607e-01
1.000000000000000000e+00
7.882353067398071289e-01
-8.588235378265380859e-01
-1.000000000000000000e+00
5.607843399047851562e-01
1.000000000000000000e+00
-2.313725501298904419e-01
-1.000000000000000000e+00
-1.294117718935012817e-01
1.000000000000000000e+00
4.745098054409027100e-01
-1.000000000000000000e+00
-7.882353067398071289e-01
8.588235378265380859e-01
1.000000000000000000e+00
-5.686274766921997070e-01
-1.000000000000000000e+00
2.235294133424758911e-01
1.000000000000000000e+00
1.215686276555061340e-01
-1.000000000000000000e+00
-4.823529422283172607e-01
1.000000000000000000e+00
7.882353067398071289e-01
-8.745098114013671875e-01
-1.000000000000000000e+00
5.686274766921997070e-01
1.000000000000000000e+00
-2.313725501298904419e-01
-1.000000000000000000e+00
-1.372549086809158325e-01
1.000000000000000000e+00
4.745098054409027100e-01
-1.000000000000000000e+00
-7.960784435272216797e-01
8.588235378265380859e-01
1.000000000000000000e+00
-5.764706134796142578e-01
-1.000000000000000000e+00
2.235294133424758911e-01
1.000000000000000000e+00
1.294117718935012817e-01
-1.000000000000000000e+00
-4.901960790157318115e-01
1.000000000000000000e+00
7.803921699523925781e-01
-8.666666746139526367e-01
-1.000000000000000000e+00
5.607843399047851562e-01
1.000000000000000000e+00
-2.313725501298904419e-01
-1.000000000000000000e+00
-1.294117718935012817e-01
1.000000000000000000e+00
4.666666686534881592e-01
-1.000000000000000000e+00
-7.960784435272216797e-01
8.588235378265380859e-01
1.000000000000000000e+00
-5.764706134796142578e-01
-1.000000000000000000e+00
2.235294133424758911e-01
1.000000000000000000e+00
1.294117718935012817e-01
-1.000000000000000000e+00
-4.823529422283172607e-01
1.000000000000000000e+00
7.803921699523925781e-01
-8.666666746139526367e-01
-1.000000000000000000e+00
5.686274766921997070e-01
1.000000000000000000e+00
-2.313725501298904419e-01
-1.000000000000000000e+00
-1.294117718935012817e-01
1.000000000000000000e+00
4.745098054409027100e-01
-1.000000000000000000e+00
-7.960784435272216797e-01
8.588235378265380859e-01
1.000000000000000000e+00
-5.686274766921997070e-01
-1.000000000000000000e+00
2.235294133424758911e-01
1.000000000000000000e+00
1.294117718935012817e-01
-1.000000000000000000e+00
-4.823529422283172607e-01
1.000000000000000000e+00
7.803921699523925781e-01
-8.588235378265380859e-01
-1.000000000000000000e+00
5.607843399047851562e-01
1.000000000000000000e+00
-2.392156869173049927e-01
-1.000000000000000000e+00
-1.294117718935012817e-01
1.000000000000000000e+00
4.745098054409027100e-01
-1.000000000000000000e+00
-7.960784435272216797e-01
8.588235378265380859e-01
1.000000000000000000e+00
-5.764706134796142578e-01
-1.000000000000000000e+00
2.235294133424758911e-01
1.000000000000000000e+00
1.294117718935012817e-01
-1.000000000000000000e+00
-4.823529422283172607e-01
1.000000000000000000e+00
7.803921699523925781e-01
-8.745098114013671875e-01
-1.000000000000000000e+00
5.686274766921997070e-01
1.000000000000000000e+00
-2.392156869173049927e-01
-1.000000000000000000e+00
-1.372549086809158325e-01
1.000000000000000000e+00
4.745098054409027100e-01
-1.000000000000000000e+00
-8.039215803146362305e-01
8.509804010391235352e-01
1.000000000000000000e+00
-5.686274766921997070e-01
-1.000000000000000000e+00
2.235294133424758911e-01
1.000000000000000000e+00
1.294117718935012817e-01
-1.000000000000000000e+00
-4.823529422283172607e-01
1.000000000000000000e+00
7.803921699523925781e-01
-8.745098114013671875e-01
-1.000000000000000000e+00
5.686274766921997070e-01
1.000000000000000000e+00
-2.392156869173049927e-01
-1.000000000000000000e+00
-1.294117718935012817e-01
1.000000000000000000e+00
4.745098054409027100e-01
-1.000000000000000000e+00
-7.960784435272216797e-01
8.588235378265380859e-01
1.000000000000000000e+00
-5.764706134796142578e-01
-1.000000000000000000e+00
2.313725501298904419e-01
1.000000000000000000e+00
1.294117718935012817e-01
-1.000000000000000000e+00
-4.823529422283172607e-01
1.000000000000000000e+00
7.803921699523925781e-01
-8.666666746139526367e-01
-1.000000000000000000e+00
5.607843399047851562e-01
1.000000000000000000e+00
-2.313725501298904419e-01
-1.000000000000000000e+00
-1.372549086809158325e-01
1.000000000000000000e+00
4.745098054409027100e-01
-1.000000000000000000e+00
-7.960784435272216797e-01
8.509804010391235352e-01
1.000000000000000000e+00
-5.764706134796142578e-01
-1.000000000000000000e+00
2.235294133424758911e-01
1.000000000000000000e+00
1.215686276555061340e-01
-1.000000000000000000e+00
-4.823529422283172607e-01
1.000000000000000000e+00
7.725490331649780273e-01
-8.666666746139526367e-01
-1.000000000000000000e+00
5.686274766921997070e-01
1.000000000000000000e+00
-2.313725501298904419e-01
-1.000000000000000000e+00
-1.372549086809158325e-01
1.000000000000000000e+00
4.745098054409027100e-01
-1.000000000000000000e+00
-7.960784435272216797e-01
8.588235378265380859e-01
1.000000000000000000e+00
-5.764706134796142578e-01
-1.000000000000000000e+00
2.235294133424758911e-01
1.000000000000000000e+00
1.215686276555061340e-01
-1.000000000000000000e+00
-4.823529422283172607e-01
1.000000000000000000e+00
7.803921699523925781e-01
-8.666666746139526367e-01
-1.000000000000000000e+00
5.686274766921997070e-01
1.000000000000000000e+00
-2.313725501298904419e-01
-1.000000000000000000e+00
-1.372549086809158325e-01
1.000000000000000000e+00
4.745098054409027100e-01
-1.000000000000000000e+00
-7.960784435272216797e-01
8.588235378265380859e-01
1.000000000000000000e+00
-5.686274766921997070e-01
-1.000000000000000000e+00
2.235294133424758911e-01
1.000000000000000000e+00
1.215686276555061340e-01
-1.000000000000000000e+00
-4.823529422283172607e-01
1.000000000000000000e+00
7.882353067398071289e-01
-8.666666746139526367e-01
-1.000000000000000000e+00
5.764706134796142578e-01
1.000000000000000000e+00
-2.313725501298904419e-01
-1.000000000000000000e+00
-1.372549086809158325e-01
1.000000000000000000e+00
4.745098054409027100e-01
-1.000000000000000000e+00
-7.960784435272216797e-01
8.509804010391235352e-01
1.000000000000000000e+00
-5.686274766921997070e-01
-1.000000000000000000e+00
2.235294133424758911e-01
1.000000000000000000e+00
1.215686276555061340e-01
-1.000000000000000000e+00
-4.823529422283172607e-01
1.000000000000000000e+00
7.803921699523925781e-01
-8.745098114013671875e-01
-1.000000000000000000e+00
5.607843399047851562e-01
1.000000000000000000e+00
-2.313725501298904419e-01
-1.000000000000000000e+00
-1.372549086809158325e-01
1.000000000000000000e+00
4.745098054409027100e-01
-1.000000000000000000e+00
-7.960784435272216797e-01
8.588235378265380859e-01
1.000000000000000000e+00
-5.764706134796142578e-01
-1.000000000000000000e+00
2.313725501298904419e-01
1.000000000000000000e+00
1.294117718935012817e-01
-1.000000000000000000e+00
-4.823529422283172607e-01
1.000000000000000000e+00
7.882353067398071289e-01
-8.666666746139526367e-01
-1.000000000000000000e+00
5.607843399047851562e-01
1.000000000000000000e+00
-2.235294133424758911e-01
-1.000000000000000000e+00
-1.372549086809158325e-01
1.000000000000000000e+00
4.745098054409027100e-01
-1.000000000000000000e+00
-7.960784435272216797e-01
8.588235378265380859e-01
1.000000000000000000e+00
-5.686274766921997070e-01
-1.000000000000000000e+00
2.313725501298904419e-01
1.000000000000000000e+00
1.294117718935012817e-01
-1.000000000000000000e+00
-4.823529422283172607e-01
1.000000000000000000e+00
7.803921699523925781e-01
-8.666666746139526367e-01
-1.000000000000000000e+00
5.607843399047851562e-01
1.000000000000000000e+00
-2.392156869173049927e-01
-1.000000000000000000e+00
-1.294117718935012817e-01
1.000000000000000000e+00
4.745098054409027100e-01
-1.000000000000000000e+00
-7.960784435272216797e-01
8.588235378265380859e-01
1.000000000000000000e+00
-5.764706134796142578e-01
-1.000000000000000000e+00
2.235294133424758911e-01
1.000000000000000000e+00
1.294117718935012817e-01
-1.000000000000000000e+00
-4.823529422283172607e-01
1.000000000000000000e+00
7.803921699523925781e-01
-8.666666746139526367e-01
-1.000000000000000000e+00
5.607843399047851562e-01
1.000000000000000000e+00
-2.313725501298904419e-01
-1.000000000000000000e+00
-1.372549086809158325e-01
1.000000000000000000e+00
4.666666686534881592e-01
-1.000000000000000000e+00
-7.960784435272216797e-01
8.588235378265380859e-01
1.000000000000000000e+00
-5.686274766921997070e-01
-1.000000000000000000e+00
2.235294133424758911e-01
1.000000000000000000e+00
1.215686276555061340e-01
-1.000000000000000000e+00
-4.823529422283172607e-01
1.000000000000000000e+00
7.882353067398071289e-01
-8.666666746139526367e-01
-1.000000000000000000e+00
5.607843399047851562e-01
1.000000000000000000e+00
-2.313725501298904419e-01
-1.000000000000000000e+00
-1.372549086809158325e-01
1.000000000000000000e+00
4.745098054409027100e-01
-1.000000000000000000e+00
-7.960784435272216797e-01
8.588235378265380859e-01
1.000000000000000000e+00
-5.764706134796142578e-01
-1.000000000000000000e+00
2.235294133424758911e-01
1.000000000000000000e+00
1.294117718935012817e-01
-1.000000000000000000e+00
-4.823529422283172607e-01
1.000000000000000000e+00
7.882353067398071289e-01
-8.666666746139526367e-01
-1.000000000000000000e+00
5.686274766921997070e-01
1.000000000000000000e+00
-2.313725501298904419e-01
-1.000000000000000000e+00
-1.450980454683303833e-01
1.000000000000000000e+00
4.745098054409027100e-01
-1.000000000000000000e+00
-7.882353067398071289e-01
8.588235378265380859e-01
1.000000000000000000e+00
-5.764706134796142578e-01
-1.000000000000000000e+00
2.235294133424758911e-01
1.000000000000000000e+00
1.294117718935012817e-01
-1.000000000000000000e+00
-4.901960790157318115e-01
1.000000000000000000e+00
7.882353067398071289e-01
-8.745098114013671875e-01
-1.000000000000000000e+00
5.607843399047851562e-01
1.000000000000000000e+00
-2.313725501298904419e-01
-1.000000000000000000e+00
-1.294117718935012817e-01
1.000000000000000000e+00
4.745098054409027100e-01
-1.000000000000000000e+00
-7.960784435272216797e-01
8.588235378265380859e-01
1.000000000000000000e+00
-5.686274766921997070e-01
-1.000000000000000000e+00
2.235294133424758911e-01
1.000000000000000000e+00
1.294117718935012817e-01
-1.000000000000000000e+00
-4.823529422283172607e-01
1.000000000000000000e+00
7.803921699523925781e-01
-8.666666746139526367e-01
-1.000000000000000000e+00
5.686274766921997070e-01
1.000000000000000000e+00
-2.392156869173049927e-01
-1.000000000000000000e+00
-1.294117718935012817e-01
1.000000000000000000e+00
4.745098054409027100e-01
-1.000000000000000000e+00
-7.960784435272216797e-01
8.588235378265380859e-01
1.000000000000000000e+00
-5.686274766921997070e-01
-1.000000000000000000e+00
2.235294133424758911e-01
1.000000000000000000e+00
1.294117718935012817e-01
-1.000000000000000000e+00
-4.901960790157318115e-01
1.000000000000000000e+00
7.882353067398071289e-01
-8.666666746139526367e-01
-1.000000000000000000e+00
5.607843399047851562e-01
1.000000000000000000e+00
-2.313725501298904419e-01
-1.000000000000000000e+00
-1.215686276555061340e-01
1.000000000000000000e+00
4.666666686534881592e-01
-1.000000000000000000e+00
-7.960784435272216797e-01
8.588235378265380859e-01
1.000000000000000000e+00
-5.764706134796142578e-01
-1.000000000000000000e+00
2.235294133424758911e-01
1.000000000000000000e+00
1.294117718935012817e-01
-1.000000000000000000e+00
-4.823529422283172607e-01
1.000000000000000000e+00
7.803921699523925781e-01
-8.745098114013671875e-01
-1.000000000000000000e+00
5.607843399047851562e-01
1.000000000000000000e+00
-2.313725501298904419e-01
-1.000000000000000000e+00
-1.372549086809158325e-01
1.000000000000000000e+00
4.745098054409027100e-01
-1.000000000000000000e+00
-7.960784435272216797e-01
8.509804010391235352e-01
1.000000000000000000e+00
-5.764706134796142578e-01
-1.000000000000000000e+00
2.235294133424758911e-01
1.000000000000000000e+00
1.215686276555061340e-01
-1.000000000000000000e+00
-4.901960790157318115e-01
1.000000000000000000e+00
7.882353067398071289e-01
-8.666666746139526367e-01
-1.000000000000000000e+00
5.686274766921997070e-01
1.000000000000000000e+00
-2.313725501298904419e-01
-1.000000000000000000e+00
-1.294117718935012817e-01
1.000000000000000000e+00
4.745098054409027100e-01
-1.000000000000000000e+00
-7.882353067398071289e-01
8.588235378265380859e-01
1.000000000000000000e+00
-5.686274766921997070e-01
-1.000000000000000000e+00
2.235294133424758911e-01
1.000000000000000000e+00
1.294117718935012817e-01
-1.000000000000000000e+00
-4.823529422283172607e-01
1.000000000000000000e+00
7.803921699523925781e-01
-8.666666746139526367e-01
-1.000000000000000000e+00
5.607843399047851562e-01
1.000000000000000000e+00
-2.313725501298904419e-01
-1.000000000000000000e+00
-1.294117718935012817e-01
1.000000000000000000e+00
4.823529422283172607e-01
-1.000000000000000000e+00
-8.039215803146362305e-01
8.588235378265380859e-01
1.000000000000000000e+00
-5.764706134796142578e-01
-1.000000000000000000e+00
2.235294133424758911e-01
1.000000000000000000e+00
1.294117718935012817e-01
-1.000000000000000000e+00
-4.823529422283172607e-01
1.000000000000000000e+00
7.803921699523925781e-01
-8.666666746139526367e-01
-1.000000000000000000e+00
5.607843399047851562e-01
1.000000000000000000e+00
-2.392156869173049927e-01
-1.000000000000000000e+00
-1.294117718935012817e-01
1.000000000000000000e+00
4.666666686534881592e-01
-1.000000000000000000e+00
-7.960784435272216797e-01
8.588235378265380859e-01
1.000000000000000000e+00
-5.764706134796142578e-01
-1.000000000000000000e+00
2.235294133424758911e-01
1.000000000000000000e+00
1.294117718935012817e-01
-1.000000000000000000e+00
-4.823529422283172607e-01
1.000000000000000000e+00
7.803921699523925781e-01
-8.666666746139526367e-01
-1.000000000000000000e+00
5.607843399047851562e-01
1.000000000000000000e+00
-2.313725501298904419e-01
-1.000000000000000000e+00
-1.294117718935012817e-01
1.000000000000000000e+00
4.745098054409027100e-01
-1.000000000000000000e+00
-7.882353067398071289e-01
8.588235378265380859e-01
1.000000000000000000e+00
-5.764706134796142578e-01
-1.000000000000000000e+00
2.313725501298904419e-01
1.000000000000000000e+00
1.215686276555061340e-01
-1.000000000000000000e+00
-4.823529422283172607e-01
1.000000000000000000e+00
7.882353067398071289e-01
-8.666666746139526367e-01
-1.000000000000000000e+00
5.686274766921997070e-01
1.000000000000000000e+00
-2.392156869173049927e-01
-1.000000000000000000e+00
-1.294117718935012817e-01
1.000000000000000000e+00
4.745098054409027100e-01
-1.000000000000000000e+00
-7.882353067398071289e-01
8.588235378265380859e-01
1.000000000000000000e+00
-5.686274766921997070e-01
-1.000000000000000000e+00
2.156862765550613403e-01
1.000000000000000000e+00
1.294117718935012817e-01
-1.000000000000000000e+00
-4.823529422283172607e-01
1.000000000000000000e+00
7.803921699523925781e-01
-8.666666746139526367e-01
-1.000000000000000000e+00
5.607843399047851562e-01
1.000000000000000000e+00
-2.392156869173049927e-01
-1.000000000000000000e+00
-1.372549086809158325e-01
1.000000000000000000e+00
4.745098054409027100e-01
-1.000000000000000000e+00
-7.960784435272216797e-01
8.588235378265380859e-01
1.000000000000000000e+00
-5.764706134796142578e-01
-1.000000000000000000e+00
2.235294133424758911e-01
1.000000000000000000e+00
1.215686276555061340e-01
-1.000000000000000000e+00
-4.823529422283172607e-01
1.000000000000000000e+00
7.803921699523925781e-01
-8.666666746139526367e-01
-1.000000000000000000e+00
5.686274766921997070e-01
1.000000000000000000e+00
-2.313725501298904419e-01
-1.000000000000000000e+00
-1.372549086809158325e-01
1.000000000000000000e+00
4.745098054409027100e-01
-1.000000000000000000e+00
-7.960784435272216797e-01
8.588235378265380859e-01
1.000000000000000000e+00
-5.686274766921997070e-01
-1.000000000000000000e+00
2.235294133424758911e-01
1.000000000000000000e+00
1.294117718935012817e-01
-1.000000000000000000e+00
-4.823529422283172607e-01
1.000000000000000000e+00
7.803921699523925781e-01
-8.666666746139526367e-01
-1.000000000000000000e+00
5.686274766921997070e-01
1.000000000000000000e+00
-2.313725501298904419e-01
-1.000000000000000000e+00
-1.372549086809158325e-01
1.000000000000000000e+00
4.745098054409027100e-01
-1.000000000000000000e+00
-7.960784435272216797e-01
8.588235378265380859e-01
1.000000000000000000e+00
-5.764706134796142578e-01
-1.000000000000000000e+00
2.313725501298904419e-01
1.000000000000000000e+00
1.294117718935012817e-01
-1.000000000000000000e+00
-4.823529422283172607e-01
1.000000000000000000e+00
7.803921699523925781e-01
-8.666666746139526367e-01
-1.000000000000000000e+00
5.607843399047851562e-01
1.000000000000000000e+00
-2.313725501298904419e-01
-1.000000000000000000e+00
-1.372549086809158325e-01
1.000000000000000000e+00
4.745098054409027100e-01
-1.000000000000000000e+00
-7.960784435272216797e-01
8.509804010391235352e-01
1.000000000000000000e+00
-5.764706134796142578e-01
-1.000000000000000000e+00
2.235294133424758911e-01
1.000000000000000000e+00
1.215686276555061340e-01
-1.000000000000000000e+00
-4.745098054409027100e-01
1.000000000000000000e+00
7.803921699523925781e-01
-8.745098114013671875e-01
-1.000000000000000000e+00
5.607843399047851562e-01
1.000000000000000000e+00
-2.313725501298904419e-01
-1.000000000000000000e+00
-1.372549086809158325e-01
1.000000000000000000e+00
4.745098054409027100e-01
-1.000000000000000000e+00
-7.960784435272216797e-01
8.588235378265380859e-01
1.000000000000000000e+00
-5.764706134796142578e-01
-1.000000000000000000e+00
2.235294133424758911e-01
1.000000000000000000e+00
1.294117718935012817e-01
-1.000000000000000000e+00
-4.823529422283172607e-01
1.000000000000000000e+00
7.803921699523925781e-01
-8.666666746139526367e-01
-1.000000000000000000e+00
5.686274766921997070e-01
1.000000000000000000e+00
-2.313725501298904419e-01
-1.000000000000000000e+00
-1.294117718935012817e-01
1.000000000000000000e+00
4.666666686534881592e-01
-1.000000000000000000e+00
-7.960784435272216797e-01
8.588235378265380859e-01
1.000000000000000000e+00
-5.843137502670288086e-01
-1.000000000000000000e+00
2.235294133424758911e-01
1.000000000000000000e+00
1.294117718935012817e-01
-1.000000000000000000e+00
-4.823529422283172607e-01
1.000000000000000000e+00
7.803921699523925781e-01
-8.745098114013671875e-01
-1.000000000000000000e+00
5.607843399047851562e-01
1.000000000000000000e+00
-2.313725501298904419e-01
-1.000000000000000000e+00
-1.372549086809158325e-01
1.000000000000000000e+00
4.745098054409027100e-01
-1.000000000000000000e+00
-7.960784435272216797e-01
8.588235378265380859e-01
1.000000000000000000e+00
-5.764706134796142578e-01
-1.000000000000000000e+00
2.235294133424758911e-01
1.000000000000000000e+00
1.294117718935012817e-01
-1.000000000000000000e+00
-4.823529422283172607e-01
1.000000000000000000e+00
7.803921699523925781e-01
-8.666666746139526367e-01
-1.000000000000000000e+00
5.607843399047851562e-01
1.000000000000000000e+00
-2.392156869173049927e-01
-1.000000000000000000e+00
-1.294117718935012817e-01
1.000000000000000000e+00
4.745098054409027100e-01
-1.000000000000000000e+00
-7.960784435272216797e-01
8.588235378265380859e-01
1.000000000000000000e+00
-5.764706134796142578e-01
-1.000000000000000000e+00
2.235294133424758911e-01
1.000000000000000000e+00
1.294117718935012817e-01
-1.000000000000000000e+00
-4.823529422283172607e-01
1.000000000000000000e+00
7.882353067398071289e-01
-8.666666746139526367e-01
-1.000000000000000000e+00
5.607843399047851562e-01
1.000000000000000000e+00
-2.313725501298904419e-01
-1.000000000000000000e+00
-1.372549086809158325e-01
1.000000000000000000e+00
4.745098054409027100e-01
-1.000000000000000000e+00
-7.960784435272216797e-01
8.588235378265380859e-01
1.000000000000000000e+00
-5.764706134796142578e-01
-1.000000000000000000e+00
2.235294133424758911e-01
1.000000000000000000e+00
1.294117718935012817e-01
-1.000000000000000000e+00
-4.823529422283172607e-01
1.000000000000000000e+00
7.803921699523925781e-01
-8.666666746139526367e-01
-1.000000000000000000e+00
5.607843399047851562e-01
1.000000000000000000e+00
-2.392156869173049927e-01
-1.000000000000000000e+00
-1.372549086809158325e-01
1.000000000000000000e+00
4.745098054409027100e-01
-1.000000000000000000e+00
-7.960784435272216797e-01
8.588235378265380859e-01
1.000000000000000000e+00
-5.764706134796142578e-01
-1.000000000000000000e+00
2.235294133424758911e-01
1.000000000000000000e+00
1.294117718935012817e-01
-1.000000000000000000e+00
-4.823529422283172607e-01
1.000000000000000000e+00
7.882353067398071289e-01
-8.745098114013671875e-01
-1.000000000000000000e+00
5.686274766921997070e-01
1.000000000000000000e+00
-2.313725501298904419e-01
-1.000000000000000000e+00
-1.372549086809158325e-01
1.000000000000000000e+00
4.823529422283172607e-01
-1.000000000000000000e+00
-7.960784435272216797e-01
8.588235378265380859e-01
1.000000000000000000e+00
-5.764706134796142578e-01
-1.000000000000000000e+00
2.235294133424758911e-01
1.000000000000000000e+00
1.294117718935012817e-01
-1.000000000000000000e+00
-4.823529422283172607e-01
1.000000000000000000e+00
7.882353067398071289e-01
-8.666666746139526367e-01
-1.000000000000000000e+00
5.686274766921997070e-01
1.000000000000000000e+00
-2.313725501298904419e-01
-1.000000000000000000e+00
-1.294117718935012817e-01
1.000000000000000000e+00
4.823529422283172607e-01
-1.000000000000000000e+00
-7.960784435272216797e-01
8.666666746139526367e-01
1.000000000000000000e+00
-5.686274766921997070e-01
-1.000000000000000000e+00
2.235294133424758911e-01
1.000000000000000000e+00
1.294117718935012817e-01
-1.000000000000000000e+00
-4.745098054409027100e-01
1.000000000000000000e+00
7.803921699523925781e-01
-8.666666746139526367e-01
-1.000000000000000000e+00
5.607843399047851562e-01
1.000000000000000000e+00
-2.235294133424758911e-01
-1.000000000000000000e+00
-1.372549086809158325e-01
1.000000000000000000e+00
4.745098054409027100e-01
-1.000000000000000000e+00
-7.960784435272216797e-01
8.588235378265380859e-01
1.000000000000000000e+00
-5.764706134796142578e-01
-1.000000000000000000e+00
2.235294133424758911e-01
1.000000000000000000e+00
1.294117718935012817e-01
-1.000000000000000000e+00
-4.901960790157318115e-01
1.000000000000000000e+00
7.882353067398071289e-01
-8.666666746139526367e-01
-1.000000000000000000e+00
5.607843399047851562e-01
1.000000000000000000e+00
-2.313725501298904419e-01
-2.862745225429534912e-01
2.078431397676467896e-01
4.823529422283172607e-01
2.705882489681243896e-01
-2.000000029802322388e-01
-4.901960790157318115e-01
-2.784313857555389404e-01
2.000000029802322388e-01
4.823529422283172607e-01
2.862745225429534912e-01
-2.078431397676467896e-01
-4.823529422283172607e-01
-2.862745225429534912e-01
2.156862765550613403e-01
4.823529422283172607e-01
2.784313857555389404e-01
-2.078431397676467896e-01
-4.901960790157318115e-01
-2.784313857555389404e-01
2.000000029802322388e-01
4.823529422283172607e-01
2.784313857555389404e-01
-2.078431397676467896e-01
-4.980392158031463623e-01
-2.862745225429534912e-01
2.000000029802322388e-01
4.745098054409027100e-01
2.784313857555389404e-01
-2.156862765550613403e-01
-4.901960790157318115e-01
-2.862745225429534912e-01
2.078431397676467896e-01
4.823529422283172607e-01
2.705882489681243896e-01
-2.000000029802322388e-01
-4.901960790157318115e-01
-2.784313857555389404e-01
2.000000029802322388e-01
4.823529422283172607e-01
2.862745225429534912e-01
-2.078431397676467896e-01
-4.901960790157318115e-01
-2.862745225429534912e-01
2.078431397676467896e-01
4.823529422283172607e-01
2.784313857555389404e-01
-2.078431397676467896e-01
-4.901960790157318115e-01
-2.784313857555389404e-01
2.000000029802322388e-01
4.823529422283172607e-01
2.784313857555389404e-01
-2.078431397676467896e-01
-4.901960790157318115e-01
-2.862745225429534912e-01
2.078431397676467896e-01
4.745098054409027100e-01
2.784313857555389404e-01
-2.156862765550613403e-01
-4.901960790157318115e-01
-2.862745225429534912e-01
2.000000029802322388e-01
4.823529422283172607e-01
2.705882489681243896e-01
-2.000000029802322388e-01
-4.901960790157318115e-01
-2.784313857555389404e-01
2.000000029802322388e-01
4.823529422283172607e-01
2.862745225429534912e-01
-2.078431397676467896e-01
-4.823529422283172607e-01
-2.784313857555389404e-01
2.156862765550613403e-01
4.823529422283172607e-01
2.784313857555389404e-01
-2.078431397676467896e-01
-4.901960790157318115e-01
-2.784313857555389404e-01
2.000000029802322388e-01
4.823529422283172607e-01
2.784313857555389404e-01
-2.078431397676467896e-01
-4.901960790157318115e-01
-2.941176593303680420e-01
2.078431397676467896e-01
4.823529422283172607e-01
2.784313857555389404e-01
-2.156862765550613403e-01
-4.901960790157318115e-01
-2.862745225429534912e-01
2.000000029802322388e-01
4.823529422283172607e-01
2.705882489681243896e-01
-2.000000029802322388e-01
-4.901960790157318115e-01
-2.784313857555389404e-01
2.078431397676467896e-01
4.823529422283172607e-01
2.862745225429534912e-01
-2.078431397676467896e-01
-4.901960790157318115e-01
-2.784313857555389404e-01
2.156862765550613403e-01
4.823529422283172607e-01
2.784313857555389404e-01
-2.078431397676467896e-01
-4.901960790157318115e-01
-2.784313857555389404e-01
2.000000029802322388e-01
4.823529422283172607e-01
2.784313857555389404e-01
-2.078431397676467896e-01
-4.901960790157318115e-01
-2.862745225429534912e-01
2.078431397676467896e-01
4.745098054409027100e-01
2.784313857555389404e-01
-2.156862765550613403e-01
-4.901960790157318115e-01
-2.784313857555389404e-01
2.078431397676467896e-01
4.823529422283172607e-01
2.784313857555389404e-01
-2.000000029802322388e-01
-4.901960790157318115e-01
-2.784313857555389404e-01
2.078431397676467896e-01
4.823529422283172607e-01
2.862745225429534912e-01
-2.078431397676467896e-01
-4.823529422283172607e-01
-2.784313857555389404e-01
2.156862765550613403e-01
4.823529422283172607e-01
2.784313857555389404e-01
-2.078431397676467896e-01
-4.901960790157318115e-01
-2.784313857555389404e-01
2.000000029802322388e-01
4.823529422283172607e-01
2.784313857555389404e-01
-2.078431397676467896e-01
-4.901960790157318115e-01
-2.941176593303680420e-01
2.000000029802322388e-01
4.745098054409027100e-01
2.784313857555389404e-01
-2.156862765550613403e-01
-4.901960790157318115e-01
-2.862745225429534912e-01
2.000000029802322388e-01
4.823529422283172607e-01
2.705882489681243896e-01
-2.000000029802322388e-01
-4.901960790157318115e-01
-2.784313857555389404e-01
2.000000029802322388e-01
4.823529422283172607e-01
2.862745225429534912e-01
-2.078431397676467896e-01
-4.901960790157318115e-01
-2.862745225429534912e-01
2.078431397676467896e-01
4.823529422283172607e-01
2.784313857555389404e-01
-2.078431397676467896e-01
-4.901960790157318115e-01
-2.784313857555389404e-01
2.000000029802322388e-01
4.823529422283172607e-01
2.784313857555389404e-01
-2.078431397676467896e-01
-4.901960790157318115e-01
-2.862745225429534912e-01
2.000000029802322388e-01
4.745098054409027100e-01
2.784313857555389404e-01
-2.156862765550613403e-01
-4.901960790157318115e-01
-2.784313857555389404e-01
2.000000029802322388e-01
4.823529422283172607e-01
2.705882489681243896e-01
-2.000000029802322388e-01
-4.901960790157318115e-01
-2.784313857555389404e-01
2.000000029802322388e-01
4.823529422283172607e-01
2.862745225429534912e-01
-2.078431397676467896e-01
-4.901960790157318115e-01
-2.862745225429534912e-01
2.156862765550613403e-01
4.823529422283172607e-01
2.784313857555389404e-01
-2.078431397676467896e-01
-4.901960790157318115e-01
-2.784313857555389404e-01
2.000000029802322388e-01
4.823529422283172607e-01
2.784313857555389404e-01
-2.078431397676467896e-01
-4.901960790157318115e-01
-2.862745225429534912e-01
2.078431397676467896e-01
4.823529422283172607e-01
2.784313857555389404e-01
-2.156862765550613403e-01
-4.901960790157318115e-01
-2.784313857555389404e-01
2.078431397676467896e-01
4.823529422283172607e-01
2.705882489681243896e-01
-2.000000029802322388e-01
-4.901960790157318115e-01
-2.784313857555389404e-01
2.078431397676467896e-01
4.823529422283172607e-01
2.862745225429534912e-01
-2.078431397676467896e-01
-4.901960790157318115e-01
