-6.235294342041015625e-01
5.529412031173706055e-01
-6.235294342041015625e-01
5.529412031173706055e-01
-6.235294342041015625e-01
5.529412031173706055e-01
-6.235294342041015625e-01
5.529412031173706055e-01
-6.235294342041015625e-01
5.529412031173706055e-01
-6.235294342041015625e-01
5.529412031173706055e-01
-6.235294342041015625e-01
5.529412031173706055e-01
-6.235294342041015625e-01
5.529412031173706055e-01
-6.235294342041015625e-01
5.529412031173706055e-01
-6.235294342041015625e-01
5.529412031173706055e-01
-6.235294342041015625e-01
5.529412031173706055e-01
-6.235294342041015625e-01
5.529412031173706055e-01
-6.235294342041015625e-01
5.529412031173706055e-01
-6.235294342041015625e-01
5.529412031173706055e-01
-6.313725709915161133e-01
5.529412031173706055e-01
-6.235294342041015625e-01
5.529412031173706055e-01
-6.235294342041015625e-01
5.529412031173706055e-01
-6.235294342041015625e-01
5.529412031173706055e-01
-6.313725709915161133e-01
5.529412031173706055e-01
-6.235294342041015625e-01
5.529412031173706055e-01
-6.235294342041015625e-01
5.529412031173706055e-01
-6.235294342041015625e-01
5.529412031173706055e-01
-6.235294342041015625e-01
5.529412031173706055e-01
-6.235294342041015625e-01
5.529412031173706055e-01
-6.235294342041015625e-01
5.529412031173706055e-01
-6.235294342041015625e-01
5.529412031173706055e-01
-6.235294342041015625e-01
5.529412031173706055e-01
-6.235294342041015625e-01
5.529412031173706055e-01
-6.235294342041015625e-01
5.529412031173706055e-01
-6.235294342041015625e-01
5.529412031173706055e-01
-6.235294342041015625e-01
5.529412031173706055e-01
-6.235294342041015625e-01
5.529412031173706055e-01
-6.235294342041015625e-01
5.529412031173706055e-01
-6.235294342041015625e-01
5.529412031173706055e-01
-6.235294342041015625e-01
5.529412031173706055e-01
-6.235294342041015625e-01
5.529412031173706055e-01
-6.235294342041015625e-01
5.529412031173706055e-01
-6.235294342041015625e-01
5.450980663299560547e-01
-6.235294342041015625e-01
5.529412031173706055e-01
-6.235294342041015625e-01
5.529412031173706055e-01
-6.235294342041015625e-01
5.529412031173706055e-01
-6.235294342041015625e-01
5.529412031173706055e-01
-6.235294342041015625e-01
5.529412031173706055e-01
-6.235294342041015625e-01
5.529412031173706055e-01
-6.235294342041015625e-01
5.529412031173706055e-01
-6.235294342041015625e-01
5.529412031173706055e-01
-6.235294342041015625e-01
5.529412031173706055e-01
-6.235294342041015625e-01
5.529412031173706055e-01
-6.235294342041015625e-01
5.450980663299560547e-01
-6.235294342041015625e-01
5.450980663299560547e-01
-6.235294342041015625e-01
5.450980663299560547e-01
-6.235294342041015625e-01
5.450980663299560547e-01
-6.235294342041015625e-01
5.450980663299560547e-01
-6.235294342041015625e-01
5.450980663299560547e-01
-6.235294342041015625e-01
5.529412031173706055e-01
-6.235294342041015625e-01
5.450980663299560547e-01
-6.235294342041015625e-01
5.529412031173706055e-01
-6.235294342041015625e-01
5.450980663299560547e-01
-6.235294342041015625e-01
5.529412031173706055e-01
-6.235294342041015625e-01
5.450980663299560547e-01
-6.235294342041015625e-01
5.529412031173706055e-01
-6.235294342041015625e-01
5.529412031173706055e-01
-6.235294342041015625e-01
5.450980663299560547e-01
-6.235294342041015625e-01
5.529412031173706055e-01
-6.235294342041015625e-01
5.529412031173706055e-01
-6.235294342041015625e-01
5.529412031173706055e-01
-6.235294342041015625e-01
5.529412031173706055e-01
-6.235294342041015625e-01
5.450980663299560547e-01
-6.235294342041015625e-01
5.529412031173706055e-01
-6.235294342041015625e-01
5.529412031173706055e-01
-6.235294342041015625e-01
5.529412031173706055e-01
-6.235294342041015625e-01
5.529412031173706055e-01
-6.235294342041015625e-01
5.529412031173706055e-01
-6.235294342041015625e-01
5.529412031173706055e-01
-6.313725709915161133e-01
5.607843399047851562e-01
-6.235294342041015625e-01
5.450980663299560547e-01
-6.235294342041015625e-01
5.529412031173706055e-01
-6.235294342041015625e-01
5.529412031173706055e-01
-6.156862974166870117e-01
5.450980663299560547e-01
-6.313725709915161133e-01
5.529412031173706055e-01
-6.235294342041015625e-01
5.450980663299560547e-01
-6.235294342041015625e-01
5.529412031173706055e-01
-6.235294342041015625e-01
5.529412031173706055e-01
-6.235294342041015625e-01
5.529412031173706055e-01
-6.313725709915161133e-01
5.529412031173706055e-01
-6.235294342041015625e-01
5.450980663299560547e-01
-6.235294342041015625e-01
5.450980663299560547e-01
-6.235294342041015625e-01
5.450980663299560547e-01
-6.313725709915161133e-01
5.529412031173706055e-01
-6.156862974166870117e-01
5.450980663299560547e-01
-6.313725709915161133e-01
5.450980663299560547e-01
-6.313725709915161133e-01
5.529412031173706055e-01
-6.235294342041015625e-01
5.450980663299560547e-01
-6.313725709915161133e-01
5.450980663299560547e-01
-6.235294342041015625e-01
5.529412031173706055e-01
-6.235294342041015625e-01
5.450980663299560547e-01
-6.235294342041015625e-01
5.529412031173706055e-01
-6.235294342041015625e-01
5.450980663299560547e-01
-6.235294342041015625e-01
5.529412031173706055e-01
-6.235294342041015625e-01
5.529412031173706055e-01
-6.235294342041015625e-01
5.450980663299560547e-01
-6.235294342041015625e-01
5.529412031173706055e-01
-6.235294342041015625e-01
5.450980663299560547e-01
-6.235294342041015625e-01
5.529412031173706055e-01
-6.235294342041015625e-01
5.529412031173706055e-01
-6.235294342041015625e-01
5.450980663299560547e-01
-6.235294342041015625e-01
5.529412031173706055e-01
-6.235294342041015625e-01
5.529412031173706055e-01
-6.235294342041015625e-01
5.529412031173706055e-01
-6.313725709915161133e-01
5.529412031173706055e-01
-6.235294342041015625e-01
5.450980663299560547e-01
-6.235294342041015625e-01
5.529412031173706055e-01
-6.235294342041015625e-01
5.529412031173706055e-01
-6.156862974166870117e-01
5.450980663299560547e-01
-6.235294342041015625e-01
5.529412031173706055e-01
-6.235294342041015625e-01
5.529412031173706055e-01
-6.235294342041015625e-01
5.529412031173706055e-01
-6.235294342041015625e-01
5.529412031173706055e-01
-6.235294342041015625e-01
5.450980663299560547e-01
-6.235294342041015625e-01
5.450980663299560547e-01
-6.235294342041015625e-01
5.450980663299560547e-01
-6.235294342041015625e-01
5.529412031173706055e-01
-6.235294342041015625e-01
5.529412031173706055e-01
-6.313725709915161133e-01
5.529412031173706055e-01
-6.156862974166870117e-01
5.450980663299560547e-01
-6.235294342041015625e-01
5.450980663299560547e-01
-6.235294342041015625e-01
5.529412031173706055e-01
-6.235294342041015625e-01
5.450980663299560547e-01
-6.235294342041015625e-01
5.529412031173706055e-01
-6.235294342041015625e-01
5.450980663299560547e-01
-6.235294342041015625e-01
5.450980663299560547e-01
-6.235294342041015625e-01
5.529412031173706055e-01
-6.235294342041015625e-01
5.529412031173706055e-01
-6.235294342041015625e-01
5.529412031173706055e-01
-6.235294342041015625e-01
5.450980663299560547e-01
-6.235294342041015625e-01
5.450980663299560547e-01
-6.235294342041015625e-01
5.529412031173706055e-01
-6.235294342041015625e-01
5.450980663299560547e-01
-6.235294342041015625e-01
5.529412031173706055e-01
-6.235294342041015625e-01
5.529412031173706055e-01
-6.235294342041015625e-01
5.529412031173706055e-01
-6.156862974166870117e-01
5.529412031173706055e-01
-6.235294342041015625e-01
5.529412031173706055e-01
-6.235294342041015625e-01
5.450980663299560547e-01
-6.156862974166870117e-01
5.529412031173706055e-01
-6.235294342041015625e-01
5.529412031173706055e-01
-6.235294342041015625e-01
5.529412031173706055e-01
-6.235294342041015625e-01
5.607843399047851562e-01
-6.235294342041015625e-01
5.450980663299560547e-01
-6.235294342041015625e-01
5.529412031173706055e-01
-6.235294342041015625e-01
5.529412031173706055e-01
-6.235294342041015625e-01
5.529412031173706055e-01
-6.235294342041015625e-01
5.529412031173706055e-01
-6.235294342041015625e-01
5.450980663299560547e-01
-6.235294342041015625e-01
5.450980663299560547e-01
-6.235294342041015625e-01
5.529412031173706055e-01
-6.235294342041015625e-01
5.450980663299560547e-01
-6.235294342041015625e-01
5.450980663299560547e-01
-6.235294342041015625e-01
5.529412031173706055e-01
-6.235294342041015625e-01
5.529412031173706055e-01
-6.235294342041015625e-01
5.529412031173706055e-01
-6.235294342041015625e-01
5.529412031173706055e-01
-6.235294342041015625e-01
5.529412031173706055e-01
-6.235294342041015625e-01
5.529412031173706055e-01
-6.235294342041015625e-01
5.450980663299560547e-01
-6.235294342041015625e-01
5.529412031173706055e-01
-6.156862974166870117e-01
5.529412031173706055e-01
-6.235294342041015625e-01
5.450980663299560547e-01
-6.235294342041015625e-01
5.529412031173706055e-01
-6.235294342041015625e-01
5.529412031173706055e-01
-6.235294342041015625e-01
5.529412031173706055e-01
-6.235294342041015625e-01
5.529412031173706055e-01
-6.235294342041015625e-01
5.529412031173706055e-01
-6.235294342041015625e-01
5.529412031173706055e-01
-6.235294342041015625e-01
5.529412031173706055e-01
-6.235294342041015625e-01
5.529412031173706055e-01
-6.156862974166870117e-01
5.529412031173706055e-01
-6.235294342041015625e-01
5.450980663299560547e-01
-6.235294342041015625e-01
5.529412031173706055e-01
-6.235294342041015625e-01
5.529412031173706055e-01
-6.156862974166870117e-01
5.529412031173706055e-01
-6.235294342041015625e-01
5.529412031173706055e-01
-6.156862974166870117e-01
5.450980663299560547e-01
-6.235294342041015625e-01
5.450980663299560547e-01
-6.235294342041015625e-01
5.529412031173706055e-01
-6.235294342041015625e-01
5.529412031173706055e-01
-6.235294342041015625e-01
5.529412031173706055e-01
-6.235294342041015625e-01
5.450980663299560547e-01
-6.235294342041015625e-01
5.529412031173706055e-01
-6.235294342041015625e-01
5.450980663299560547e-01
-6.235294342041015625e-01
5.529412031173706055e-01
-6.235294342041015625e-01
5.450980663299560547e-01
-6.235294342041015625e-01
5.529412031173706055e-01
-6.156862974166870117e-01
5.450980663299560547e-01
-6.235294342041015625e-01
5.450980663299560547e-01
-6.156862974166870117e-01
5.529412031173706055e-01
-6.235294342041015625e-01
5.529412031173706055e-01
-6.235294342041015625e-01
5.529412031173706055e-01
-6.156862974166870117e-01
5.450980663299560547e-01
-6.235294342041015625e-01
5.450980663299560547e-01
-6.235294342041015625e-01
5.529412031173706055e-01
-6.235294342041015625e-01
5.529412031173706055e-01
-6.235294342041015625e-01
5.529412031173706055e-01
-6.235294342041015625e-01
5.450980663299560547e-01
-6.235294342041015625e-01
5.450980663299560547e-01
-6.235294342041015625e-01
5.529412031173706055e-01
-6.235294342041015625e-01
5.450980663299560547e-01
-6.235294342041015625e-01
5.529412031173706055e-01
-6.235294342041015625e-01
5.450980663299560547e-01
-6.235294342041015625e-01
5.450980663299560547e-01
-6.156862974166870117e-01
5.529412031173706055e-01
-6.235294342041015625e-01
5.529412031173706055e-01
-6.235294342041015625e-01
5.450980663299560547e-01
-6.235294342041015625e-01
5.529412031173706055e-01
-6.235294342041015625e-01
5.529412031173706055e-01
-6.235294342041015625e-01
5.529412031173706055e-01
-6.235294342041015625e-01
5.607843399047851562e-01
-6.235294342041015625e-01
5.450980663299560547e-01
-6.235294342041015625e-01
5.450980663299560547e-01
-6.235294342041015625e-01
5.529412031173706055e-01
-6.235294342041015625e-01
5.450980663299560547e-01
-6.235294342041015625e-01
5.529412031173706055e-01
-6.235294342041015625e-01
5.450980663299560547e-01
-6.235294342041015625e-01
5.450980663299560547e-01
-6.235294342041015625e-01
5.450980663299560547e-01
-6.235294342041015625e-01
5.450980663299560547e-01
-6.235294342041015625e-01
5.450980663299560547e-01
-6.235294342041015625e-01
5.607843399047851562e-01
-6.235294342041015625e-01
5.450980663299560547e-01
-6.235294342041015625e-01
5.450980663299560547e-01
-6.156862974166870117e-01
5.529412031173706055e-01
-6.235294342041015625e-01
5.450980663299560547e-01
-6.235294342041015625e-01
5.529412031173706055e-01
-6.156862974166870117e-01
5.450980663299560547e-01
-6.313725709915161133e-01
5.450980663299560547e-01
-6.156862974166870117e-01
5.529412031173706055e-01
-6.235294342041015625e-01
5.450980663299560547e-01
-6.235294342041015625e-01
5.529412031173706055e-01
-6.156862974166870117e-01
5.450980663299560547e-01
-6.235294342041015625e-01
5.529412031173706055e-01
-6.156862974166870117e-01
5.529412031173706055e-01
-6.235294342041015625e-01
5.450980663299560547e-01
-6.235294342041015625e-01
5.529412031173706055e-01
-6.156862974166870117e-01
5.450980663299560547e-01
-6.235294342041015625e-01
5.529412031173706055e-01
-6.156862974166870117e-01
5.450980663299560547e-01
-6.235294342041015625e-01
5.529412031173706055e-01
-6.156862974166870117e-01
5.450980663299560547e-01
-6.156862974166870117e-01
5.607843399047851562e-01
-6.235294342041015625e-01
5.450980663299560547e-01
-6.235294342041015625e-01
5.529412031173706055e-01
-6.235294342041015625e-01
5.607843399047851562e-01
-6.156862974166870117e-01
5.372549295425415039e-01
-6.235294342041015625e-01
5.450980663299560547e-01
-6.235294342041015625e-01
5.450980663299560547e-01
-6.235294342041015625e-01
5.450980663299560547e-01
-6.235294342041015625e-01
5.450980663299560547e-01
-6.235294342041015625e-01
5.450980663299560547e-01
-6.235294342041015625e-01
5.450980663299560547e-01
-6.235294342041015625e-01
5.450980663299560547e-01
-6.235294342041015625e-01
5.450980663299560547e-01
-6.235294342041015625e-01
5.450980663299560547e-01
-6.235294342041015625e-01
5.529412031173706055e-01
-6.156862974166870117e-01
5.450980663299560547e-01
-6.235294342041015625e-01
5.450980663299560547e-01
-6.156862974166870117e-01
5.529412031173706055e-01
-6.235294342041015625e-01
5.450980663299560547e-01
-6.235294342041015625e-01
5.529412031173706055e-01
-6.235294342041015625e-01
5.450980663299560547e-01
-6.235294342041015625e-01
5.450980663299560547e-01
-6.156862974166870117e-01
5.529412031173706055e-01
-6.235294342041015625e-01
5.450980663299560547e-01
-6.235294342041015625e-01
5.529412031173706055e-01
-6.235294342041015625e-01
5.450980663299560547e-01
-6.235294342041015625e-01
5.529412031173706055e-01
-6.156862974166870117e-01
5.450980663299560547e-01
-6.235294342041015625e-01
5.529412031173706055e-01
-6.156862974166870117e-01
5.529412031173706055e-01
-6.156862974166870117e-01
5.450980663299560547e-01
-6.235294342041015625e-01
5.529412031173706055e-01
-6.156862974166870117e-01
5.450980663299560547e-01
-6.235294342041015625e-01
5.529412031173706055e-01
-6.156862974166870117e-01
5.529412031173706055e-01
-6.313725709915161133e-01
5.607843399047851562e-01
-6.156862974166870117e-01
5.450980663299560547e-01
-6.156862974166870117e-01
5.529412031173706055e-01
-6.235294342041015625e-01
5.450980663299560547e-01
-6.078431606292724609e-01
5.450980663299560547e-01
-6.235294342041015625e-01
5.450980663299560547e-01
-6.235294342041015625e-01
5.450980663299560547e-01
-6.235294342041015625e-01
5.450980663299560547e-01
-6.235294342041015625e-01
5.450980663299560547e-01
-6.235294342041015625e-01
5.450980663299560547e-01
-6.235294342041015625e-01
5.450980663299560547e-01
-6.156862974166870117e-01
5.450980663299560547e-01
-6.235294342041015625e-01
5.450980663299560547e-01
-6.235294342041015625e-01
5.450980663299560547e-01
-6.313725709915161133e-01
5.529412031173706055e-01
-6.156862974166870117e-01
5.450980663299560547e-01
-6.235294342041015625e-01
5.450980663299560547e-01
-6.235294342041015625e-01
5.529412031173706055e-01
-6.156862974166870117e-01
5.450980663299560547e-01
-6.235294342041015625e-01
5.529412031173706055e-01
-6.156862974166870117e-01
5.529412031173706055e-01
-6.235294342041015625e-01
5.450980663299560547e-01
-6.156862974166870117e-01
5.529412031173706055e-01
-6.235294342041015625e-01
5.450980663299560547e-01
-6.235294342041015625e-01
5.529412031173706055e-01
-6.156862974166870117e-01
5.450980663299560547e-01
-6.235294342041015625e-01
5.450980663299560547e-01
-6.156862974166870117e-01
5.529412031173706055e-01
-6.235294342041015625e-01
5.450980663299560547e-01
-6.235294342041015625e-01
5.529412031173706055e-01
-6.156862974166870117e-01
5.450980663299560547e-01
-6.235294342041015625e-01
5.450980663299560547e-01
-6.156862974166870117e-01
5.529412031173706055e-01
-6.235294342041015625e-01
5.450980663299560547e-01
-6.235294342041015625e-01
5.529412031173706055e-01
-6.235294342041015625e-01
5.450980663299560547e-01
-6.078431606292724609e-01
5.450980663299560547e-01
-6.235294342041015625e-01
5.529412031173706055e-01
-6.156862974166870117e-01
5.450980663299560547e-01
-6.156862974166870117e-01
5.529412031173706055e-01
-6.313725709915161133e-01
5.450980663299560547e-01
-6.235294342041015625e-01
5.450980663299560547e-01
-6.235294342041015625e-01
5.529412031173706055e-01
-6.156862974166870117e-01
5.450980663299560547e-01
-6.235294342041015625e-01
5.450980663299560547e-01
-6.235294342041015625e-01
5.450980663299560547e-01
-6.235294342041015625e-01
5.450980663299560547e-01
-6.235294342041015625e-01
5.450980663299560547e-01
-6.235294342041015625e-01
5.450980663299560547e-01
-6.235294342041015625e-01
5.450980663299560547e-01
-6.156862974166870117e-01
5.450980663299560547e-01
-6.235294342041015625e-01
5.450980663299560547e-01
-6.235294342041015625e-01
5.529412031173706055e-01
-6.156862974166870117e-01
5.450980663299560547e-01
-6.235294342041015625e-01
5.450980663299560547e-01
-6.156862974166870117e-01
5.529412031173706055e-01
-6.235294342041015625e-01
5.450980663299560547e-01
-6.156862974166870117e-01
5.529412031173706055e-01
-6.156862974166870117e-01
5.450980663299560547e-01
-6.235294342041015625e-01
5.450980663299560547e-01
-6.156862974166870117e-01
5.529412031173706055e-01
-6.235294342041015625e-01
5.450980663299560547e-01
-6.235294342041015625e-01
5.529412031173706055e-01
-6.156862974166870117e-01
5.450980663299560547e-01
-6.235294342041015625e-01
5.450980663299560547e-01
-6.156862974166870117e-01
5.450980663299560547e-01
-6.235294342041015625e-01
5.450980663299560547e-01
-6.156862974166870117e-01
5.529412031173706055e-01
-6.235294342041015625e-01
5.450980663299560547e-01
-6.156862974166870117e-01
5.450980663299560547e-01
-6.156862974166870117e-01
5.372549295425415039e-01
-6.156862974166870117e-01
5.529412031173706055e-01
-6.235294342041015625e-01
5.450980663299560547e-01
-6.156862974166870117e-01
5.450980663299560547e-01
-6.235294342041015625e-01
5.607843399047851562e-01
-6.156862974166870117e-01
5.372549295425415039e-01
-6.235294342041015625e-01
5.450980663299560547e-01
-6.235294342041015625e-01
5.450980663299560547e-01
-6.156862974166870117e-01
5.450980663299560547e-01
-6.235294342041015625e-01
5.450980663299560547e-01
-6.156862974166870117e-01
5.450980663299560547e-01
-6.235294342041015625e-01
5.450980663299560547e-01
-6.235294342041015625e-01
5.450980663299560547e-01
-6.235294342041015625e-01
5.450980663299560547e-01
-6.235294342041015625e-01
5.372549295425415039e-01
-6.235294342041015625e-01
5.529412031173706055e-01
-6.235294342041015625e-01
5.372549295425415039e-01
-6.235294342041015625e-01
5.372549295425415039e-01
-6.156862974166870117e-01
5.450980663299560547e-01
-6.235294342041015625e-01
5.372549295425415039e-01
-6.235294342041015625e-01
5.450980663299560547e-01
-6.156862974166870117e-01
5.450980663299560547e-01
-6.235294342041015625e-01
5.450980663299560547e-01
-6.156862974166870117e-01
5.450980663299560547e-01
-6.235294342041015625e-01
5.450980663299560547e-01
-6.235294342041015625e-01
5.529412031173706055e-01
-6.235294342041015625e-01
5.450980663299560547e-01
-6.235294342041015625e-01
5.450980663299560547e-01
-6.156862974166870117e-01
5.450980663299560547e-01
-6.235294342041015625e-01
5.450980663299560547e-01
-6.156862974166870117e-01
5.450980663299560547e-01
-6.156862974166870117e-01
5.450980663299560547e-01
-6.156862974166870117e-01
5.450980663299560547e-01
-6.156862974166870117e-01
5.450980663299560547e-01
-6.235294342041015625e-01
5.450980663299560547e-01
-6.156862974166870117e-01
5.450980663299560547e-01
-6.313725709915161133e-01
5.529412031173706055e-01
-6.156862974166870117e-01
5.372549295425415039e-01
-6.156862974166870117e-01
5.450980663299560547e-01
-6.235294342041015625e-01
5.450980663299560547e-01
-6.078431606292724609e-01
5.450980663299560547e-01
-6.235294342041015625e-01
5.450980663299560547e-01
-6.235294342041015625e-01
5.450980663299560547e-01
-6.156862974166870117e-01
5.450980663299560547e-01
-6.235294342041015625e-01
5.450980663299560547e-01
-6.156862974166870117e-01
5.450980663299560547e-01
-6.235294342041015625e-01
5.450980663299560547e-01
-6.235294342041015625e-01
5.450980663299560547e-01
-6.156862974166870117e-01
5.450980663299560547e-01
-6.235294342041015625e-01
5.450980663299560547e-01
-6.235294342041015625e-01
5.450980663299560547e-01
-6.078431606292724609e-01
5.450980663299560547e-01
-6.235294342041015625e-01
5.450980663299560547e-01
-6.235294342041015625e-01
5.529412031173706055e-01
-6.156862974166870117e-01
5.450980663299560547e-01
-6.235294342041015625e-01
5.450980663299560547e-01
-6.156862974166870117e-01
5.450980663299560547e-01
-6.235294342041015625e-01
5.450980663299560547e-01
-6.156862974166870117e-01
5.529412031173706055e-01
-6.156862974166870117e-01
5.450980663299560547e-01
-6.235294342041015625e-01
5.450980663299560547e-01
-6.156862974166870117e-01
5.450980663299560547e-01
-6.235294342041015625e-01
5.450980663299560547e-01
-6.156862974166870117e-01
5.450980663299560547e-01
-6.156862974166870117e-01
5.450980663299560547e-01
-6.156862974166870117e-01
5.450980663299560547e-01
-6.156862974166870117e-01
5.450980663299560547e-01
-6.235294342041015625e-01
5.450980663299560547e-01
-6.156862974166870117e-01
5.450980663299560547e-01
-6.235294342041015625e-01
5.450980663299560547e-01
-6.156862974166870117e-01
5.529412031173706055e-01
-6.235294342041015625e-01
5.450980663299560547e-01
-6.078431606292724609e-01
5.450980663299560547e-01
-6.156862974166870117e-01
5.450980663299560547e-01
-6.156862974166870117e-01
5.450980663299560547e-01
-6.078431606292724609e-01
5.529412031173706055e-01
-6.235294342041015625e-01
5.450980663299560547e-01
-6.156862974166870117e-01
5.450980663299560547e-01
-6.235294342041015625e-01
5.450980663299560547e-01
-6.156862974166870117e-01
5.450980663299560547e-01
-6.156862974166870117e-01
5.450980663299560547e-01
-6.156862974166870117e-01
5.450980663299560547e-01
-6.235294342041015625e-01
5.450980663299560547e-01
-6.235294342041015625e-01
5.450980663299560547e-01
-6.156862974166870117e-01
5.450980663299560547e-01
-6.235294342041015625e-01
5.372549295425415039e-01
-6.078431606292724609e-01
5.529412031173706055e-01
-6.235294342041015625e-01
5.450980663299560547e-01
-6.235294342041015625e-01
5.450980663299560547e-01
-6.078431606292724609e-01
5.450980663299560547e-01
-6.235294342041015625e-01
5.450980663299560547e-01
-6.156862974166870117e-01
5.529412031173706055e-01
-6.235294342041015625e-01
5.372549295425415039e-01
-6.156862974166870117e-01
5.450980663299560547e-01
-6.156862974166870117e-01
5.372549295425415039e-01
-6.235294342041015625e-01
5.450980663299560547e-01
-6.156862974166870117e-01
5.450980663299560547e-01
-6.235294342041015625e-01
5.450980663299560547e-01
-6.156862974166870117e-01
5.450980663299560547e-01
-6.156862974166870117e-01
5.450980663299560547e-01
-6.235294342041015625e-01
5.450980663299560547e-01
-6.156862974166870117e-01
5.450980663299560547e-01
-6.156862974166870117e-01
5.450980663299560547e-01
-6.156862974166870117e-01
5.450980663299560547e-01
-6.156862974166870117e-01
5.450980663299560547e-01
-6.235294342041015625e-01
5.529412031173706055e-01
-6.235294342041015625e-01
5.450980663299560547e-01
-6.078431606292724609e-01
5.450980663299560547e-01
-6.156862974166870117e-01
5.529412031173706055e-01
-6.235294342041015625e-01
5.450980663299560547e-01
-6.078431606292724609e-01
5.450980663299560547e-01
-6.235294342041015625e-01
5.450980663299560547e-01
-6.235294342041015625e-01
5.450980663299560547e-01
-6.156862974166870117e-01
5.450980663299560547e-01
-6.156862974166870117e-01
5.450980663299560547e-01
-6.156862974166870117e-01
5.450980663299560547e-01
-6.156862974166870117e-01
5.450980663299560547e-01
-6.156862974166870117e-01
5.450980663299560547e-01
-6.156862974166870117e-01
5.450980663299560547e-01
-6.156862974166870117e-01
5.450980663299560547e-01
-6.235294342041015625e-01
5.450980663299560547e-01
-6.156862974166870117e-01
5.450980663299560547e-01
-6.235294342041015625e-01
5.450980663299560547e-01
-6.156862974166870117e-01
5.529412031173706055e-01
-6.156862974166870117e-01
5.450980663299560547e-01
-6.235294342041015625e-01
5.450980663299560547e-01
-6.156862974166870117e-01
5.450980663299560547e-01
-6.235294342041015625e-01
5.450980663299560547e-01
-6.156862974166870117e-01
5.529412031173706055e-01
-6.156862974166870117e-01
5.450980663299560547e-01
-6.235294342041015625e-01
5.450980663299560547e-01
-6.156862974166870117e-01
5.450980663299560547e-01
-6.156862974166870117e-01
5.450980663299560547e-01
-6.156862974166870117e-01
5.529412031173706055e-01
-6.156862974166870117e-01
5.450980663299560547e-01
-6.156862974166870117e-01
5.450980663299560547e-01
-6.156862974166870117e-01
5.450980663299560547e-01
-6.235294342041015625e-01
5.450980663299560547e-01
-6.156862974166870117e-01
5.529412031173706055e-01
-6.156862974166870117e-01
5.450980663299560547e-01
-6.156862974166870117e-01
5.450980663299560547e-01
-6.156862974166870117e-01
5.372549295425415039e-01
-6.078431606292724609e-01
5.450980663299560547e-01
-6.235294342041015625e-01
5.450980663299560547e-01
-6.156862974166870117e-01
5.450980663299560547e-01
-6.156862974166870117e-01
5.529412031173706055e-01
-6.235294342041015625e-01
5.450980663299560547e-01
-6.235294342041015625e-01
5.450980663299560547e-01
-6.156862974166870117e-01
5.450980663299560547e-01
-6.156862974166870117e-01
5.450980663299560547e-01
-6.156862974166870117e-01
5.450980663299560547e-01
-6.156862974166870117e-01
5.450980663299560547e-01
-6.156862974166870117e-01
5.450980663299560547e-01
-6.156862974166870117e-01
5.450980663299560547e-01
-6.156862974166870117e-01
5.450980663299560547e-01
-6.235294342041015625e-01
5.372549295425415039e-01
-6.156862974166870117e-01
5.529412031173706055e-01
-6.235294342041015625e-01
5.372549295425415039e-01
-6.235294342041015625e-01
5.450980663299560547e-01
-6.078431606292724609e-01
5.450980663299560547e-01
-6.235294342041015625e-01
5.450980663299560547e-01
-6.156862974166870117e-01
5.450980663299560547e-01
-6.156862974166870117e-01
5.372549295425415039e-01
-6.156862974166870117e-01
5.450980663299560547e-01
-6.156862974166870117e-01
5.450980663299560547e-01
-6.235294342041015625e-01
5.450980663299560547e-01
-6.156862974166870117e-01
5.450980663299560547e-01
-6.156862974166870117e-01
5.372549295425415039e-01
-6.156862974166870117e-01
5.450980663299560547e-01
-6.156862974166870117e-01
5.450980663299560547e-01
-6.156862974166870117e-01
5.372549295425415039e-01
-6.156862974166870117e-01
5.450980663299560547e-01
-6.156862974166870117e-01
5.450980663299560547e-01
-6.156862974166870117e-01
5.450980663299560547e-01
-6.156862974166870117e-01
5.450980663299560547e-01
-6.235294342041015625e-01
5.450980663299560547e-01
-6.156862974166870117e-01
5.450980663299560547e-01
-6.235294342041015625e-01
5.529412031173706055e-01
-6.156862974166870117e-01
5.450980663299560547e-01
-6.156862974166870117e-01
5.450980663299560547e-01
-6.156862974166870117e-01
5.450980663299560547e-01
-6.000000238418579102e-01
5.372549295425415039e-01
-6.235294342041015625e-01
5.372549295425415039e-01
-6.156862974166870117e-01
5.450980663299560547e-01
-6.156862974166870117e-01
5.450980663299560547e-01
-6.156862974166870117e-01
5.450980663299560547e-01
-6.156862974166870117e-01
5.450980663299560547e-01
-6.156862974166870117e-01
5.450980663299560547e-01
-6.156862974166870117e-01
5.372549295425415039e-01
-6.156862974166870117e-01
5.372549295425415039e-01
-6.156862974166870117e-01
5.372549295425415039e-01
-6.235294342041015625e-01
5.450980663299560547e-01
-6.078431606292724609e-01
5.372549295425415039e-01
-6.235294342041015625e-01
5.372549295425415039e-01
-6.156862974166870117e-01
5.450980663299560547e-01
-6.235294342041015625e-01
5.372549295425415039e-01
-6.156862974166870117e-01
5.450980663299560547e-01
-6.156862974166870117e-01
5.450980663299560547e-01
-6.235294342041015625e-01
5.372549295425415039e-01
-6.156862974166870117e-01
5.450980663299560547e-01
-6.156862974166870117e-01
5.372549295425415039e-01
-6.156862974166870117e-01
5.450980663299560547e-01
-6.156862974166870117e-01
5.450980663299560547e-01
-6.156862974166870117e-01
5.450980663299560547e-01
-6.078431606292724609e-01
5.450980663299560547e-01
-6.156862974166870117e-01
5.372549295425415039e-01
-6.156862974166870117e-01
5.450980663299560547e-01
-6.156862974166870117e-01
5.450980663299560547e-01
-6.156862974166870117e-01
5.450980663299560547e-01
-6.156862974166870117e-01
5.450980663299560547e-01
-6.156862974166870117e-01
5.450980663299560547e-01
-6.156862974166870117e-01
5.450980663299560547e-01
-6.235294342041015625e-01
5.450980663299560547e-01
-6.078431606292724609e-01
5.372549295425415039e-01
-6.156862974166870117e-01
5.450980663299560547e-01
-6.156862974166870117e-01
5.372549295425415039e-01
-6.078431606292724609e-01
5.450980663299560547e-01
-6.235294342041015625e-01
5.450980663299560547e-01
-6.156862974166870117e-01
5.450980663299560547e-01
-6.156862974166870117e-01
5.450980663299560547e-01
-6.156862974166870117e-01
5.450980663299560547e-01
-6.156862974166870117e-01
5.450980663299560547e-01
-6.156862974166870117e-01
5.372549295425415039e-01
-6.156862974166870117e-01
5.450980663299560547e-01
-6.156862974166870117e-01
5.372549295425415039e-01
-6.156862974166870117e-01
5.450980663299560547e-01
-6.235294342041015625e-01
5.372549295425415039e-01
-6.078431606292724609e-01
5.450980663299560547e-01
-6.235294342041015625e-01
5.372549295425415039e-01
-6.235294342041015625e-01
5.450980663299560547e-01
-6.078431606292724609e-01
5.372549295425415039e-01
-6.235294342041015625e-01
5.450980663299560547e-01
-6.156862974166870117e-01
5.450980663299560547e-01
-6.156862974166870117e-01
5.372549295425415039e-01
-6.156862974166870117e-01
5.529412031173706055e-01
-6.156862974166870117e-01
5.450980663299560547e-01
-6.235294342041015625e-01
5.450980663299560547e-01
-6.078431606292724609e-01
5.450980663299560547e-01
-6.156862974166870117e-01
5.372549295425415039e-01
-6.156862974166870117e-01
5.450980663299560547e-01
-6.156862974166870117e-01
5.372549295425415039e-01
-6.156862974166870117e-01
5.450980663299560547e-01
-6.156862974166870117e-01
5.450980663299560547e-01
-6.156862974166870117e-01
5.372549295425415039e-01
-6.156862974166870117e-01
5.450980663299560547e-01
-6.156862974166870117e-01
5.372549295425415039e-01
-6.235294342041015625e-01
5.450980663299560547e-01
-6.156862974166870117e-01
5.372549295425415039e-01
-6.078431606292724609e-01
5.450980663299560547e-01
-6.156862974166870117e-01
5.450980663299560547e-01
-6.156862974166870117e-01
5.450980663299560547e-01
-6.156862974166870117e-01
5.607843399047851562e-01
-6.156862974166870117e-01
5.372549295425415039e-01
-6.156862974166870117e-01
5.450980663299560547e-01
-6.156862974166870117e-01
5.450980663299560547e-01
-6.156862974166870117e-01
5.450980663299560547e-01
-6.156862974166870117e-01
5.450980663299560547e-01
-6.156862974166870117e-01
5.450980663299560547e-01
-6.156862974166870117e-01
5.450980663299560547e-01
-6.156862974166870117e-01
5.450980663299560547e-01
-6.156862974166870117e-01
5.372549295425415039e-01
-6.235294342041015625e-01
5.372549295425415039e-01
-6.156862974166870117e-01
5.529412031173706055e-01
-6.156862974166870117e-01
5.372549295425415039e-01
-6.156862974166870117e-01
5.450980663299560547e-01
-6.078431606292724609e-01
5.450980663299560547e-01
-6.235294342041015625e-01
5.450980663299560547e-01
-6.156862974166870117e-01
5.450980663299560547e-01
-6.156862974166870117e-01
5.372549295425415039e-01
-6.156862974166870117e-01
5.450980663299560547e-01
-6.156862974166870117e-01
5.450980663299560547e-01
-6.156862974166870117e-01
5.450980663299560547e-01
-6.078431606292724609e-01
5.450980663299560547e-01
-6.156862974166870117e-01
5.450980663299560547e-01
-6.156862974166870117e-01
5.450980663299560547e-01
-6.078431606292724609e-01
5.450980663299560547e-01
-6.235294342041015625e-01
5.450980663299560547e-01
-6.156862974166870117e-01
5.450980663299560547e-01
-6.156862974166870117e-01
5.450980663299560547e-01
-6.156862974166870117e-01
5.450980663299560547e-01
-6.156862974166870117e-01
5.450980663299560547e-01
-6.156862974166870117e-01
5.450980663299560547e-01
-6.078431606292724609e-01
5.372549295425415039e-01
-6.156862974166870117e-01
5.529412031173706055e-01
-6.156862974166870117e-01
5.450980663299560547e-01
-6.156862974166870117e-01
5.450980663299560547e-01
-6.156862974166870117e-01
5.529412031173706055e-01
-6.078431606292724609e-01
5.372549295425415039e-01
-6.156862974166870117e-01
5.372549295425415039e-01
-6.156862974166870117e-01
5.450980663299560547e-01
-6.156862974166870117e-01
5.450980663299560547e-01
-6.156862974166870117e-01
5.450980663299560547e-01
-6.156862974166870117e-01
5.450980663299560547e-01
-6.156862974166870117e-01
5.372549295425415039e-01
-6.156862974166870117e-01
5.450980663299560547e-01
-6.156862974166870117e-01
5.372549295425415039e-01
-6.156862974166870117e-01
5.372549295425415039e-01
-6.235294342041015625e-01
5.529412031173706055e-01
-6.078431606292724609e-01
5.372549295425415039e-01
-6.156862974166870117e-01
5.372549295425415039e-01
-6.156862974166870117e-01
5.450980663299560547e-01
-6.156862974166870117e-01
5.372549295425415039e-01
-6.156862974166870117e-01
5.450980663299560547e-01
-6.078431606292724609e-01
5.450980663299560547e-01
-6.156862974166870117e-01
5.450980663299560547e-01
-6.078431606292724609e-01
5.450980663299560547e-01
-6.156862974166870117e-01
5.372549295425415039e-01
-6.156862974166870117e-01
5.450980663299560547e-01
-6.078431606292724609e-01
5.372549295425415039e-01
-6.156862974166870117e-01
5.450980663299560547e-01
-6.078431606292724609e-01
5.450980663299560547e-01
-6.156862974166870117e-01
5.372549295425415039e-01
-6.156862974166870117e-01
5.450980663299560547e-01
-6.078431606292724609e-01
5.372549295425415039e-01
-6.156862974166870117e-01
5.450980663299560547e-01
-6.078431606292724609e-01
5.450980663299560547e-01
-6.156862974166870117e-01
5.372549295425415039e-01
-6.156862974166870117e-01
5.450980663299560547e-01
-6.235294342041015625e-01
5.450980663299560547e-01
-6.078431606292724609e-01
5.372549295425415039e-01
-6.156862974166870117e-01
5.450980663299560547e-01
-6.156862974166870117e-01
5.372549295425415039e-01
-6.000000238418579102e-01
5.450980663299560547e-01
-6.235294342041015625e-01
5.372549295425415039e-01
-6.156862974166870117e-01
5.450980663299560547e-01
-6.156862974166870117e-01
5.450980663299560547e-01
-6.156862974166870117e-01
5.372549295425415039e-01
-6.156862974166870117e-01
5.372549295425415039e-01
-6.156862974166870117e-01
5.372549295425415039e-01
-6.156862974166870117e-01
5.372549295425415039e-01
-6.156862974166870117e-01
5.372549295425415039e-01
-6.156862974166870117e-01
5.372549295425415039e-01
-6.235294342041015625e-01
5.450980663299560547e-01
-6.078431606292724609e-01
5.372549295425415039e-01
-6.235294342041015625e-01
5.372549295425415039e-01
-6.156862974166870117e-01
5.450980663299560547e-01
-6.156862974166870117e-01
5.372549295425415039e-01
-6.235294342041015625e-01
5.450980663299560547e-01
-6.078431606292724609e-01
5.450980663299560547e-01
-6.156862974166870117e-01
5.372549295425415039e-01
-6.156862974166870117e-01
5.450980663299560547e-01
-6.156862974166870117e-01
5.372549295425415039e-01
-6.156862974166870117e-01
5.450980663299560547e-01
-6.078431606292724609e-01
5.450980663299560547e-01
-6.156862974166870117e-01
5.372549295425415039e-01
-6.078431606292724609e-01
5.450980663299560547e-01
-6.156862974166870117e-01
5.372549295425415039e-01
-6.156862974166870117e-01
5.450980663299560547e-01
-6.078431606292724609e-01
5.372549295425415039e-01
-6.156862974166870117e-01
5.450980663299560547e-01
-6.156862974166870117e-01
5.450980663299560547e-01
-6.078431606292724609e-01
5.372549295425415039e-01
-6.156862974166870117e-01
5.450980663299560547e-01
-6.078431606292724609e-01
5.294117927551269531e-01
-6.078431606292724609e-01
5.529412031173706055e-01
-6.156862974166870117e-01
5.450980663299560547e-01
-6.078431606292724609e-01
5.372549295425415039e-01
-6.156862974166870117e-01
5.529412031173706055e-01
-6.078431606292724609e-01
5.372549295425415039e-01
-6.156862974166870117e-01
5.372549295425415039e-01
-6.156862974166870117e-01
5.450980663299560547e-01
-6.156862974166870117e-01
5.450980663299560547e-01
-6.156862974166870117e-01
5.372549295425415039e-01
-6.156862974166870117e-01
5.372549295425415039e-01
-6.156862974166870117e-01
5.372549295425415039e-01
-6.156862974166870117e-01
5.372549295425415039e-01
-6.156862974166870117e-01
5.372549295425415039e-01
-6.156862974166870117e-01
5.372549295425415039e-01
-6.156862974166870117e-01
5.529412031173706055e-01
-6.156862974166870117e-01
5.372549295425415039e-01
-6.156862974166870117e-01
5.372549295425415039e-01
-6.078431606292724609e-01
5.450980663299560547e-01
-6.235294342041015625e-01
5.372549295425415039e-01
-6.156862974166870117e-01
5.450980663299560547e-01
-6.156862974166870117e-01
5.372549295425415039e-01
-6.156862974166870117e-01
5.450980663299560547e-01
-6.078431606292724609e-01
5.450980663299560547e-01
-6.156862974166870117e-01
5.372549295425415039e-01
-6.078431606292724609e-01
5.450980663299560547e-01
-6.078431606292724609e-01
5.372549295425415039e-01
-6.156862974166870117e-01
5.450980663299560547e-01
-6.078431606292724609e-01
5.450980663299560547e-01
-6.156862974166870117e-01
5.372549295425415039e-01
-6.156862974166870117e-01
5.450980663299560547e-01
-6.156862974166870117e-01
5.372549295425415039e-01
-6.156862974166870117e-01
5.372549295425415039e-01
-6.078431606292724609e-01
5.372549295425415039e-01
-6.156862974166870117e-01
5.450980663299560547e-01
-6.078431606292724609e-01
5.450980663299560547e-01
-6.156862974166870117e-01
5.372549295425415039e-01
-6.000000238418579102e-01
5.372549295425415039e-01
-6.078431606292724609e-01
5.450980663299560547e-01
-6.078431606292724609e-01
5.372549295425415039e-01
-6.078431606292724609e-01
5.450980663299560547e-01
-6.235294342041015625e-01
5.372549295425415039e-01
-6.156862974166870117e-01
5.372549295425415039e-01
-6.078431606292724609e-01
5.372549295425415039e-01
-6.156862974166870117e-01
5.372549295425415039e-01
-6.156862974166870117e-01
5.450980663299560547e-01
-6.156862974166870117e-01
5.372549295425415039e-01
-6.156862974166870117e-01
5.450980663299560547e-01
-6.156862974166870117e-01
5.372549295425415039e-01
-6.156862974166870117e-01
5.372549295425415039e-01
-6.156862974166870117e-01
5.372549295425415039e-01
-6.000000238418579102e-01
5.450980663299560547e-01
-6.156862974166870117e-01
5.372549295425415039e-01
-6.156862974166870117e-01
5.450980663299560547e-01
-6.078431606292724609e-01
5.372549295425415039e-01
-6.156862974166870117e-01
5.372549295425415039e-01
-6.078431606292724609e-01
5.450980663299560547e-01
-6.156862974166870117e-01
5.372549295425415039e-01
-6.156862974166870117e-01
5.450980663299560547e-01
-6.156862974166870117e-01
5.372549295425415039e-01
-6.156862974166870117e-01
5.450980663299560547e-01
-6.078431606292724609e-01
5.372549295425415039e-01
-6.156862974166870117e-01
5.372549295425415039e-01
-6.156862974166870117e-01
5.450980663299560547e-01
-6.156862974166870117e-01
5.372549295425415039e-01
-6.156862974166870117e-01
5.450980663299560547e-01
-6.078431606292724609e-01
5.372549295425415039e-01
-6.156862974166870117e-01
5.372549295425415039e-01
-6.078431606292724609e-01
5.450980663299560547e-01
-6.156862974166870117e-01
5.372549295425415039e-01
-6.156862974166870117e-01
5.450980663299560547e-01
-6.078431606292724609e-01
5.294117927551269531e-01
-6.156862974166870117e-01
5.529412031173706055e-01
-6.156862974166870117e-01
5.372549295425415039e-01
-6.078431606292724609e-01
5.372549295425415039e-01
-6.156862974166870117e-01
5.450980663299560547e-01
-6.078431606292724609e-01
5.372549295425415039e-01
-6.156862974166870117e-01
5.372549295425415039e-01
-6.156862974166870117e-01
5.450980663299560547e-01
-6.156862974166870117e-01
5.372549295425415039e-01
-6.156862974166870117e-01
5.372549295425415039e-01
-6.156862974166870117e-01
5.372549295425415039e-01
-6.156862974166870117e-01
5.372549295425415039e-01
-6.156862974166870117e-01
5.372549295425415039e-01
-6.156862974166870117e-01
5.372549295425415039e-01
-6.156862974166870117e-01
5.372549295425415039e-01
-6.156862974166870117e-01
5.450980663299560547e-01
-6.156862974166870117e-01
5.372549295425415039e-01
-6.156862974166870117e-01
5.372549295425415039e-01
-6.078431606292724609e-01
5.450980663299560547e-01
-6.156862974166870117e-01
5.372549295425415039e-01
-6.156862974166870117e-01
5.450980663299560547e-01
-6.078431606292724609e-01
5.372549295425415039e-01
-6.156862974166870117e-01
5.372549295425415039e-01
-6.078431606292724609e-01
5.450980663299560547e-01
-6.156862974166870117e-01
5.372549295425415039e-01
-6.156862974166870117e-01
5.450980663299560547e-01
-6.078431606292724609e-01
5.372549295425415039e-01
-6.156862974166870117e-01
5.372549295425415039e-01
-6.078431606292724609e-01
5.450980663299560547e-01
-6.156862974166870117e-01
5.372549295425415039e-01
-6.156862974166870117e-01
5.450980663299560547e-01
-6.156862974166870117e-01
5.372549295425415039e-01
-6.156862974166870117e-01
5.450980663299560547e-01
-6.078431606292724609e-01
5.372549295425415039e-01
-6.156862974166870117e-01
5.372549295425415039e-01
-6.078431606292724609e-01
5.450980663299560547e-01
-6.156862974166870117e-01
5.450980663299560547e-01
-6.000000238418579102e-01
5.372549295425415039e-01
-6.156862974166870117e-01
5.450980663299560547e-01
-6.156862974166870117e-01
5.372549295425415039e-01
-6.078431606292724609e-01
5.372549295425415039e-01
-6.156862974166870117e-01
5.372549295425415039e-01
-6.156862974166870117e-01
5.372549295425415039e-01
-6.156862974166870117e-01
5.372549295425415039e-01
-6.156862974166870117e-01
5.372549295425415039e-01
-6.156862974166870117e-01
5.450980663299560547e-01
-6.078431606292724609e-01
5.372549295425415039e-01
-6.156862974166870117e-01
5.372549295425415039e-01
-6.156862974166870117e-01
5.372549295425415039e-01
-6.156862974166870117e-01
5.372549295425415039e-01
-6.156862974166870117e-01
5.372549295425415039e-01
-6.078431606292724609e-01
5.372549295425415039e-01
-6.156862974166870117e-01
5.372549295425415039e-01
-6.156862974166870117e-01
5.450980663299560547e-01
-6.078431606292724609e-01
5.372549295425415039e-01
-6.156862974166870117e-01
5.372549295425415039e-01
-6.078431606292724609e-01
5.372549295425415039e-01
-6.156862974166870117e-01
5.372549295425415039e-01
-6.078431606292724609e-01
5.450980663299560547e-01
-6.078431606292724609e-01
5.372549295425415039e-01
-6.156862974166870117e-01
5.450980663299560547e-01
-6.078431606292724609e-01
5.372549295425415039e-01
-6.156862974166870117e-01
5.372549295425415039e-01
-6.078431606292724609e-01
5.450980663299560547e-01
-6.156862974166870117e-01
5.372549295425415039e-01
-6.156862974166870117e-01
5.450980663299560547e-01
-6.078431606292724609e-01
5.372549295425415039e-01
-6.078431606292724609e-01
5.372549295425415039e-01
-6.078431606292724609e-01
5.450980663299560547e-01
-6.078431606292724609e-01
5.372549295425415039e-01
-6.078431606292724609e-01
5.372549295425415039e-01
-6.078431606292724609e-01
5.294117927551269531e-01
-6.078431606292724609e-01
5.450980663299560547e-01
-6.156862974166870117e-01
5.372549295425415039e-01
-6.078431606292724609e-01
5.372549295425415039e-01
-6.156862974166870117e-01
5.529412031173706055e-01
-6.156862974166870117e-01
5.372549295425415039e-01
-6.156862974166870117e-01
5.372549295425415039e-01
-6.156862974166870117e-01
5.372549295425415039e-01
-6.078431606292724609e-01
5.372549295425415039e-01
-6.156862974166870117e-01
5.372549295425415039e-01
-6.078431606292724609e-01
5.372549295425415039e-01
-6.078431606292724609e-01
5.372549295425415039e-01
-6.156862974166870117e-01
5.372549295425415039e-01
-6.156862974166870117e-01
5.372549295425415039e-01
-6.156862974166870117e-01
5.294117927551269531e-01
-6.078431606292724609e-01
5.450980663299560547e-01
-6.156862974166870117e-01
5.372549295425415039e-01
-6.156862974166870117e-01
5.372549295425415039e-01
-6.078431606292724609e-01
5.372549295425415039e-01
-6.156862974166870117e-01
5.372549295425415039e-01
-6.078431606292724609e-01
5.450980663299560547e-01
-6.078431606292724609e-01
5.372549295425415039e-01
-6.156862974166870117e-01
5.372549295425415039e-01
-6.078431606292724609e-01
5.372549295425415039e-01
-6.156862974166870117e-01
5.372549295425415039e-01
-6.078431606292724609e-01
5.450980663299560547e-01
-6.078431606292724609e-01
5.372549295425415039e-01
-6.156862974166870117e-01
5.372549295425415039e-01
-6.078431606292724609e-01
5.372549295425415039e-01
-6.156862974166870117e-01
5.372549295425415039e-01
-6.078431606292724609e-01
5.372549295425415039e-01
-6.156862974166870117e-01
5.372549295425415039e-01
-6.078431606292724609e-01
5.372549295425415039e-01
-6.078431606292724609e-01
5.372549295425415039e-01
-6.156862974166870117e-01
5.372549295425415039e-01
-6.078431606292724609e-01
5.372549295425415039e-01
-6.156862974166870117e-01
5.450980663299560547e-01
-6.078431606292724609e-01
5.372549295425415039e-01
-6.078431606292724609e-01
5.372549295425415039e-01
-6.156862974166870117e-01
5.450980663299560547e-01
-6.000000238418579102e-01
5.294117927551269531e-01
-6.156862974166870117e-01
5.372549295425415039e-01
-6.156862974166870117e-01
5.372549295425415039e-01
-6.078431606292724609e-01
5.372549295425415039e-01
-6.156862974166870117e-01
5.372549295425415039e-01
-6.078431606292724609e-01
5.372549295425415039e-01
-6.156862974166870117e-01
5.372549295425415039e-01
-6.156862974166870117e-01
5.372549295425415039e-01
-6.156862974166870117e-01
5.372549295425415039e-01
-6.156862974166870117e-01
5.372549295425415039e-01
-6.156862974166870117e-01
5.450980663299560547e-01
-6.078431606292724609e-01
5.294117927551269531e-01
-6.156862974166870117e-01
5.294117927551269531e-01
-6.078431606292724609e-01
5.372549295425415039e-01
-6.156862974166870117e-01
5.372549295425415039e-01
-6.156862974166870117e-01
5.372549295425415039e-01
-6.078431606292724609e-01
5.372549295425415039e-01
-6.156862974166870117e-01
5.372549295425415039e-01
-6.078431606292724609e-01
5.372549295425415039e-01
-6.156862974166870117e-01
5.372549295425415039e-01
-6.078431606292724609e-01
5.372549295425415039e-01
-6.078431606292724609e-01
5.372549295425415039e-01
-6.156862974166870117e-01
5.372549295425415039e-01
-6.078431606292724609e-01
5.372549295425415039e-01
-6.156862974166870117e-01
5.372549295425415039e-01
-7.019608020782470703e-01
1.000000000000000000e+00
-1.000000000000000000e+00
7.333333492279052734e-01
-4.039215743541717529e-01
-8.901960849761962891e-01
1.000000000000000000e+00
-1.000000000000000000e+00
1.000000000000000000e+00
-1.058823540806770325e-01
-4.666666686534881592e-01
1.000000000000000000e+00
-1.000000000000000000e+00
8.666666746139526367e-01
-3.568627536296844482e-01
-7.882353067398071289e-01
9.686274528503417969e-01
-1.000000000000000000e+00
7.098039388656616211e-01
-2.000000029802322388e-01
-5.686274766921997070e-01
1.000000000000000000e+00
-1.000000000000000000e+00
1.000000000000000000e+00
-3.921568859368562698e-03
-6.705882549285888672e-01
1.000000000000000000e+00
-1.000000000000000000e+00
7.333333492279052734e-01
-4.039215743541717529e-01
-9.058823585510253906e-01
1.000000000000000000e+00
-1.000000000000000000e+00
1.000000000000000000e+00
-1.058823540806770325e-01
-4.823529422283172607e-01
1.000000000000000000e+00
-1.000000000000000000e+00
8.745098114013671875e-01
-3.568627536296844482e-01
-7.882353067398071289e-01
9.686274528503417969e-01
-1.000000000000000000e+00
7.019608020782470703e-01
-1.921568661928176880e-01
-5.607843399047851562e-01
1.000000000000000000e+00
-1.000000000000000000e+00
1.000000000000000000e+00
3.921568859368562698e-03
-6.705882549285888672e-01
1.000000000000000000e+00
-1.000000000000000000e+00
7.411764860153198242e-01
-4.039215743541717529e-01
-9.058823585510253906e-01
1.000000000000000000e+00
-1.000000000000000000e+00
1.000000000000000000e+00
-1.137254908680915833e-01
-4.823529422283172607e-01
1.000000000000000000e+00
-1.000000000000000000e+00
8.745098114013671875e-01
-3.568627536296844482e-01
-7.882353067398071289e-01
9.607843160629272461e-01
-1.000000000000000000e+00
7.098039388656616211e-01
-1.921568661928176880e-01
-5.607843399047851562e-01
1.000000000000000000e+00
-1.000000000000000000e+00
1.000000000000000000e+00
1.176470611244440079e-02
-6.705882549285888672e-01
1.000000000000000000e+00
-1.000000000000000000e+00
7.490196228027343750e-01
-3.960784375667572021e-01
-9.058823585510253906e-01
1.000000000000000000e+00
-1.000000000000000000e+00
1.000000000000000000e+00
-1.058823540806770325e-01
-4.666666686534881592e-01
1.000000000000000000e+00
-1.000000000000000000e+00
8.588235378265380859e-01
-3.882353007793426514e-01
-7.882353067398071289e-01
9.843137264251708984e-01
-1.000000000000000000e+00
6.941176652908325195e-01
-2.000000029802322388e-01
-5.607843399047851562e-01
1.000000000000000000e+00
-1.000000000000000000e+00
1.000000000000000000e+00
3.921568859368562698e-03
-6.784313917160034180e-01
1.000000000000000000e+00
-1.000000000000000000e+00
7.333333492279052734e-01
-3.960784375667572021e-01
-9.058823585510253906e-01
1.000000000000000000e+00
-1.000000000000000000e+00
1.000000000000000000e+00
-1.058823540806770325e-01
-4.745098054409027100e-01
1.000000000000000000e+00
-1.000000000000000000e+00
8.666666746139526367e-01
-3.647058904170989990e-01
-7.803921699523925781e-01
9.764705896377563477e-01
-1.000000000000000000e+00
7.019608020782470703e-01
-2.000000029802322388e-01
-5.686274766921997070e-01
1.000000000000000000e+00
-1.000000000000000000e+00
1.000000000000000000e+00
3.921568859368562698e-03
-6.862745285034179688e-01
1.000000000000000000e+00
-1.000000000000000000e+00
7.411764860153198242e-01
-3.960784375667572021e-01
-9.058823585510253906e-01
1.000000000000000000e+00
-1.000000000000000000e+00
1.000000000000000000e+00
-9.803921729326248169e-02
-4.745098054409027100e-01
1.000000000000000000e+00
-1.000000000000000000e+00
8.588235378265380859e-01
-3.568627536296844482e-01
-7.803921699523925781e-01
9.686274528503417969e-01
-1.000000000000000000e+00
6.941176652908325195e-01
-2.000000029802322388e-01
-5.686274766921997070e-01
1.000000000000000000e+00
-1.000000000000000000e+00
1.000000000000000000e+00
3.921568859368562698e-03
-6.862745285034179688e-01
1.000000000000000000e+00
-1.000000000000000000e+00
7.411764860153198242e-01
-3.960784375667572021e-01
-8.980392217636108398e-01
1.000000000000000000e+00
-1.000000000000000000e+00
1.000000000000000000e+00
-9.803921729326248169e-02
-4.745098054409027100e-01
1.000000000000000000e+00
-1.000000000000000000e+00
8.509804010391235352e-01
-3.568627536296844482e-01
-7.803921699523925781e-01
9.686274528503417969e-01
-1.000000000000000000e+00
7.019608020782470703e-01
-1.921568661928176880e-01
-5.607843399047851562e-01
1.000000000000000000e+00
-1.000000000000000000e+00
1.000000000000000000e+00
1.960784383118152618e-02
-6.627451181411743164e-01
1.000000000000000000e+00
-1.000000000000000000e+00
7.490196228027343750e-01
-3.882353007793426514e-01
-9.137254953384399414e-01
1.000000000000000000e+00
-1.000000000000000000e+00
1.000000000000000000e+00
-1.058823540806770325e-01
-4.745098054409027100e-01
1.000000000000000000e+00
-1.000000000000000000e+00
8.588235378265380859e-01
-3.490196168422698975e-01
-7.882353067398071289e-01
9.686274528503417969e-01
-1.000000000000000000e+00
7.019608020782470703e-01
-2.000000029802322388e-01
-5.686274766921997070e-01
1.000000000000000000e+00
-1.000000000000000000e+00
1.000000000000000000e+00
3.921568859368562698e-03
-6.862745285034179688e-01
1.000000000000000000e+00
-1.000000000000000000e+00
7.411764860153198242e-01
-3.882353007793426514e-01
-9.137254953384399414e-01
1.000000000000000000e+00
-1.000000000000000000e+00
1.000000000000000000e+00
-9.803921729326248169e-02
-4.745098054409027100e-01
1.000000000000000000e+00
-1.000000000000000000e+00
8.509804010391235352e-01
-3.490196168422698975e-01
-7.803921699523925781e-01
9.686274528503417969e-01
-1.000000000000000000e+00
6.941176652908325195e-01
-2.078431397676467896e-01
-5.686274766921997070e-01
1.000000000000000000e+00
