-1.176470611244440079e-02
1.000000000000000000e+00
3.176470696926116943e-01
-1.000000000000000000e+00
-7.254902124404907227e-01
9.686274528503417969e-01
9.450980424880981445e-01
-7.568627595901489258e-01
-1.000000000000000000e+00
3.647058904170989990e-01
1.000000000000000000e+00
-5.882352963089942932e-02
-1.000000000000000000e+00
-3.725490272045135498e-01
1.000000000000000000e+00
6.549019813537597656e-01
-1.000000000000000000e+00
-1.000000000000000000e+00
6.862745285034179688e-01
1.000000000000000000e+00
-4.117647111415863037e-01
-1.000000000000000000e+00
-1.960784383118152618e-02
1.000000000000000000e+00
3.176470696926116943e-01
-1.000000000000000000e+00
-7.254902124404907227e-01
9.764705896377563477e-01
9.450980424880981445e-01
-7.568627595901489258e-01
-1.000000000000000000e+00
3.568627536296844482e-01
1.000000000000000000e+00
-5.098039284348487854e-02
-1.000000000000000000e+00
-3.882353007793426514e-01
1.000000000000000000e+00
6.549019813537597656e-01
-1.000000000000000000e+00
-1.000000000000000000e+00
6.862745285034179688e-01
1.000000000000000000e+00
-4.274509847164154053e-01
-1.000000000000000000e+00
-3.921568859368562698e-03
1.000000000000000000e+00
3.176470696926116943e-01
-1.000000000000000000e+00
-7.333333492279052734e-01
9.764705896377563477e-01
9.529411792755126953e-01
-7.647058963775634766e-01
-1.000000000000000000e+00
3.490196168422698975e-01
1.000000000000000000e+00
-5.098039284348487854e-02
-1.000000000000000000e+00
-3.882353007793426514e-01
1.000000000000000000e+00
6.549019813537597656e-01
-1.000000000000000000e+00
-1.000000000000000000e+00
6.941176652908325195e-01
1.000000000000000000e+00
-4.274509847164154053e-01
-1.000000000000000000e+00
-1.176470611244440079e-02
1.000000000000000000e+00
3.176470696926116943e-01
-1.000000000000000000e+00
-7.254902124404907227e-01
9.686274528503417969e-01
9.450980424880981445e-01
-7.647058963775634766e-01
-1.000000000000000000e+00
3.568627536296844482e-01
1.000000000000000000e+00
-5.098039284348487854e-02
-1.000000000000000000e+00
-3.882353007793426514e-01
1.000000000000000000e+00
6.627451181411743164e-01
-1.000000000000000000e+00
-1.000000000000000000e+00
6.862745285034179688e-01
1.000000000000000000e+00
-4.117647111415863037e-01
-1.000000000000000000e+00
-1.176470611244440079e-02
1.000000000000000000e+00
3.176470696926116943e-01
-1.000000000000000000e+00
-7.333333492279052734e-01
9.764705896377563477e-01
9.450980424880981445e-01
-7.647058963775634766e-01
-1.000000000000000000e+00
3.568627536296844482e-01
1.000000000000000000e+00
-5.098039284348487854e-02
-1.000000000000000000e+00
-3.803921639919281006e-01
1.000000000000000000e+00
6.627451181411743164e-01
-1.000000000000000000e+00
-1.000000000000000000e+00
6.941176652908325195e-01
1.000000000000000000e+00
-4.274509847164154053e-01
-1.000000000000000000e+00
-1.960784383118152618e-02
1.000000000000000000e+00
3.098039329051971436e-01
-1.000000000000000000e+00
-7.333333492279052734e-01
9.686274528503417969e-01
9.450980424880981445e-01
-7.490196228027343750e-01
-1.000000000000000000e+00
3.568627536296844482e-01
1.000000000000000000e+00
-5.098039284348487854e-02
-1.000000000000000000e+00
-3.803921639919281006e-01
1.000000000000000000e+00
6.549019813537597656e-01
-1.000000000000000000e+00
-1.000000000000000000e+00
6.941176652908325195e-01
1.000000000000000000e+00
-4.196078479290008545e-01
-1.000000000000000000e+00
-1.960784383118152618e-02
1.000000000000000000e+00
3.254902064800262451e-01
-1.000000000000000000e+00
-7.254902124404907227e-01
9.686274528503417969e-01
9.450980424880981445e-01
-7.490196228027343750e-01
-1.000000000000000000e+00
3.568627536296844482e-01
1.000000000000000000e+00
-5.098039284348487854e-02
-1.000000000000000000e+00
-3.803921639919281006e-01
1.000000000000000000e+00
6.549019813537597656e-01
-1.000000000000000000e+00
-1.000000000000000000e+00
6.941176652908325195e-01
1.000000000000000000e+00
-4.196078479290008545e-01
-1.000000000000000000e+00
-1.176470611244440079e-02
1.000000000000000000e+00
3.254902064800262451e-01
-1.000000000000000000e+00
-7.176470756530761719e-01
9.764705896377563477e-01
9.450980424880981445e-01
-7.568627595901489258e-01
-1.000000000000000000e+00
3.568627536296844482e-01
1.000000000000000000e+00
-5.098039284348487854e-02
-1.000000000000000000e+00
-3.960784375667572021e-01
1.000000000000000000e+00
6.549019813537597656e-01
-1.000000000000000000e+00
-1.000000000000000000e+00
6.941176652908325195e-01
1.000000000000000000e+00
-4.117647111415863037e-01
-1.000000000000000000e+00
-1.176470611244440079e-02
1.000000000000000000e+00
3.254902064800262451e-01
-1.000000000000000000e+00
-7.333333492279052734e-01
9.607843160629272461e-01
9.450980424880981445e-01
-7.647058963775634766e-01
-1.000000000000000000e+00
3.490196168422698975e-01
1.000000000000000000e+00
-5.098039284348487854e-02
-1.000000000000000000e+00
-3.882353007793426514e-01
1.000000000000000000e+00
6.627451181411743164e-01
-1.000000000000000000e+00
-1.000000000000000000e+00
6.862745285034179688e-01
1.000000000000000000e+00
-4.117647111415863037e-01
-1.000000000000000000e+00
-1.960784383118152618e-02
1.000000000000000000e+00
3.176470696926116943e-01
-1.000000000000000000e+00
-7.333333492279052734e-01
9.607843160629272461e-01
9.372549057006835938e-01
-7.568627595901489258e-01
-1.000000000000000000e+00
3.568627536296844482e-01
1.000000000000000000e+00
-5.098039284348487854e-02
-1.000000000000000000e+00
-3.803921639919281006e-01
1.000000000000000000e+00
6.627451181411743164e-01
-1.000000000000000000e+00
-1.000000000000000000e+00
6.862745285034179688e-01
1.000000000000000000e+00
-4.196078479290008545e-01
-1.000000000000000000e+00
-1.960784383118152618e-02
1.000000000000000000e+00
3.176470696926116943e-01
-1.000000000000000000e+00
-7.333333492279052734e-01
9.686274528503417969e-01
9.450980424880981445e-01
-7.568627595901489258e-01
-1.000000000000000000e+00
3.490196168422698975e-01
1.000000000000000000e+00
-3.529411926865577698e-02
-1.000000000000000000e+00
-3.882353007793426514e-01
1.000000000000000000e+00
6.549019813537597656e-01
-1.000000000000000000e+00
-1.000000000000000000e+00
7.019608020782470703e-01
1.000000000000000000e+00
-4.274509847164154053e-01
-1.000000000000000000e+00
-1.960784383118152618e-02
1.000000000000000000e+00
3.176470696926116943e-01
-1.000000000000000000e+00
-7.254902124404907227e-01
9.686274528503417969e-01
9.450980424880981445e-01
-7.568627595901489258e-01
-1.000000000000000000e+00
3.568627536296844482e-01
1.000000000000000000e+00
-5.098039284348487854e-02
-1.000000000000000000e+00
-3.882353007793426514e-01
1.000000000000000000e+00
6.549019813537597656e-01
-1.000000000000000000e+00
-1.000000000000000000e+00
6.862745285034179688e-01
1.000000000000000000e+00
-4.117647111415863037e-01
-1.000000000000000000e+00
-1.960784383118152618e-02
1.000000000000000000e+00
3.176470696926116943e-01
-1.000000000000000000e+00
-7.254902124404907227e-01
9.607843160629272461e-01
9.372549057006835938e-01
-7.647058963775634766e-01
-1.000000000000000000e+00
3.568627536296844482e-01
1.000000000000000000e+00
-5.098039284348487854e-02
-1.000000000000000000e+00
-3.882353007793426514e-01
1.000000000000000000e+00
6.627451181411743164e-01
-1.000000000000000000e+00
-1.000000000000000000e+00
6.862745285034179688e-01
1.000000000000000000e+00
-4.117647111415863037e-01
-1.000000000000000000e+00
-1.960784383118152618e-02
1.000000000000000000e+00
3.176470696926116943e-01
-1.000000000000000000e+00
-7.254902124404907227e-01
9.607843160629272461e-01
9.372549057006835938e-01
-7.568627595901489258e-01
-1.000000000000000000e+00
3.568627536296844482e-01
1.000000000000000000e+00
-5.098039284348487854e-02
-1.000000000000000000e+00
-3.803921639919281006e-01
1.000000000000000000e+00
6.549019813537597656e-01
-1.000000000000000000e+00
-1.000000000000000000e+00
6.862745285034179688e-01
1.000000000000000000e+00
-4.117647111415863037e-01
-1.000000000000000000e+00
-1.960784383118152618e-02
1.000000000000000000e+00
3.254902064800262451e-01
-1.000000000000000000e+00
-7.333333492279052734e-01
9.607843160629272461e-01
9.450980424880981445e-01
-7.568627595901489258e-01
-1.000000000000000000e+00
3.568627536296844482e-01
1.000000000000000000e+00
-4.313725605607032776e-02
-1.000000000000000000e+00
-3.882353007793426514e-01
1.000000000000000000e+00
6.627451181411743164e-01
-1.000000000000000000e+00
-1.000000000000000000e+00
6.784313917160034180e-01
1.000000000000000000e+00
-4.274509847164154053e-01
-1.000000000000000000e+00
-1.960784383118152618e-02
1.000000000000000000e+00
3.176470696926116943e-01
-1.000000000000000000e+00
-7.254902124404907227e-01
9.686274528503417969e-01
9.372549057006835938e-01
-7.568627595901489258e-01
-1.000000000000000000e+00
3.568627536296844482e-01
1.000000000000000000e+00
-5.098039284348487854e-02
-1.000000000000000000e+00
-3.960784375667572021e-01
1.000000000000000000e+00
6.627451181411743164e-01
-1.000000000000000000e+00
-1.000000000000000000e+00
6.862745285034179688e-01
1.000000000000000000e+00
-4.117647111415863037e-01
-1.000000000000000000e+00
-1.960784383118152618e-02
1.000000000000000000e+00
3.254902064800262451e-01
-1.000000000000000000e+00
-7.254902124404907227e-01
9.607843160629272461e-01
9.372549057006835938e-01
-7.568627595901489258e-01
-1.000000000000000000e+00
3.490196168422698975e-01
1.000000000000000000e+00
-5.098039284348487854e-02
-1.000000000000000000e+00
-3.882353007793426514e-01
1.000000000000000000e+00
6.627451181411743164e-01
-1.000000000000000000e+00
-1.000000000000000000e+00
6.862745285034179688e-01
1.000000000000000000e+00
-4.196078479290008545e-01
-1.000000000000000000e+00
-1.176470611244440079e-02
1.000000000000000000e+00
3.254902064800262451e-01
-1.000000000000000000e+00
-7.333333492279052734e-01
9.607843160629272461e-01
9.450980424880981445e-01
-7.490196228027343750e-01
-1.000000000000000000e+00
3.490196168422698975e-01
1.000000000000000000e+00
-5.098039284348487854e-02
-1.000000000000000000e+00
-3.882353007793426514e-01
1.000000000000000000e+00
6.627451181411743164e-01
-1.000000000000000000e+00
-1.000000000000000000e+00
6.941176652908325195e-01
1.000000000000000000e+00
-4.196078479290008545e-01
-1.000000000000000000e+00
-1.960784383118152618e-02
1.000000000000000000e+00
3.176470696926116943e-01
-1.000000000000000000e+00
-7.333333492279052734e-01
9.607843160629272461e-01
9.372549057006835938e-01
-7.568627595901489258e-01
-1.000000000000000000e+00
3.568627536296844482e-01
1.000000000000000000e+00
-5.098039284348487854e-02
-1.000000000000000000e+00
-3.882353007793426514e-01
1.000000000000000000e+00
6.627451181411743164e-01
-1.000000000000000000e+00
-1.000000000000000000e+00
6.784313917160034180e-01
1.000000000000000000e+00
-4.117647111415863037e-01
-1.000000000000000000e+00
-1.960784383118152618e-02
1.000000000000000000e+00
3.176470696926116943e-01
-1.000000000000000000e+00
-7.254902124404907227e-01
9.607843160629272461e-01
9.450980424880981445e-01
-7.568627595901489258e-01
-1.000000000000000000e+00
3.568627536296844482e-01
1.000000000000000000e+00
-5.098039284348487854e-02
-1.000000000000000000e+00
-3.882353007793426514e-01
1.000000000000000000e+00
6.627451181411743164e-01
-1.000000000000000000e+00
-1.000000000000000000e+00
6.862745285034179688e-01
1.000000000000000000e+00
-4.117647111415863037e-01
-1.000000000000000000e+00
-1.960784383118152618e-02
1.000000000000000000e+00
3.254902064800262451e-01
-1.000000000000000000e+00
-7.254902124404907227e-01
9.686274528503417969e-01
9.450980424880981445e-01
-7.568627595901489258e-01
-1.000000000000000000e+00
3.490196168422698975e-01
1.000000000000000000e+00
-4.313725605607032776e-02
-1.000000000000000000e+00
-4.039215743541717529e-01
1.000000000000000000e+00
6.627451181411743164e-01
-1.000000000000000000e+00
-1.000000000000000000e+00
6.862745285034179688e-01
1.000000000000000000e+00
-4.117647111415863037e-01
-1.000000000000000000e+00
-1.176470611244440079e-02
1.000000000000000000e+00
3.254902064800262451e-01
-1.000000000000000000e+00
-7.333333492279052734e-01
9.607843160629272461e-01
9.372549057006835938e-01
-7.647058963775634766e-01
-1.000000000000000000e+00
3.411764800548553467e-01
1.000000000000000000e+00
-5.098039284348487854e-02
-1.000000000000000000e+00
-3.882353007793426514e-01
1.000000000000000000e+00
6.627451181411743164e-01
-1.000000000000000000e+00
-1.000000000000000000e+00
6.862745285034179688e-01
1.000000000000000000e+00
-4.117647111415863037e-01
-1.000000000000000000e+00
-1.960784383118152618e-02
1.000000000000000000e+00
3.254902064800262451e-01
-1.000000000000000000e+00
-7.333333492279052734e-01
9.529411792755126953e-01
9.450980424880981445e-01
-7.568627595901489258e-01
-1.000000000000000000e+00
3.490196168422698975e-01
1.000000000000000000e+00
-4.313725605607032776e-02
-1.000000000000000000e+00
-3.882353007793426514e-01
1.000000000000000000e+00
6.627451181411743164e-01
-1.000000000000000000e+00
-1.000000000000000000e+00
6.862745285034179688e-01
1.000000000000000000e+00
-4.117647111415863037e-01
-1.000000000000000000e+00
-1.960784383118152618e-02
1.000000000000000000e+00
3.254902064800262451e-01
-1.000000000000000000e+00
-7.333333492279052734e-01
9.607843160629272461e-01
9.450980424880981445e-01
-7.490196228027343750e-01
-1.000000000000000000e+00
3.490196168422698975e-01
1.000000000000000000e+00
-4.313725605607032776e-02
-1.000000000000000000e+00
-3.882353007793426514e-01
1.000000000000000000e+00
6.627451181411743164e-01
-1.000000000000000000e+00
-1.000000000000000000e+00
6.784313917160034180e-01
1.000000000000000000e+00
-4.117647111415863037e-01
-1.000000000000000000e+00
-1.960784383118152618e-02
1.000000000000000000e+00
3.333333432674407959e-01
-1.000000000000000000e+00
-7.333333492279052734e-01
9.607843160629272461e-01
9.450980424880981445e-01
-7.568627595901489258e-01
-1.000000000000000000e+00
3.411764800548553467e-01
1.000000000000000000e+00
-5.098039284348487854e-02
-1.000000000000000000e+00
-3.960784375667572021e-01
1.000000000000000000e+00
6.549019813537597656e-01
-1.000000000000000000e+00
-1.000000000000000000e+00
6.941176652908325195e-01
1.000000000000000000e+00
-4.117647111415863037e-01
-1.000000000000000000e+00
-1.960784383118152618e-02
1.000000000000000000e+00
3.333333432674407959e-01
-1.000000000000000000e+00
-7.411764860153198242e-01
9.607843160629272461e-01
9.450980424880981445e-01
-7.490196228027343750e-01
-1.000000000000000000e+00
3.411764800548553467e-01
1.000000000000000000e+00
-4.313725605607032776e-02
-1.000000000000000000e+00
-3.882353007793426514e-01
1.000000000000000000e+00
6.627451181411743164e-01
-1.000000000000000000e+00
-1.000000000000000000e+00
6.862745285034179688e-01
1.000000000000000000e+00
-4.117647111415863037e-01
-1.000000000000000000e+00
-1.960784383118152618e-02
1.000000000000000000e+00
3.254902064800262451e-01
-1.000000000000000000e+00
-7.333333492279052734e-01
9.607843160629272461e-01
9.450980424880981445e-01
-7.490196228027343750e-01
-1.000000000000000000e+00
3.411764800548553467e-01
1.000000000000000000e+00
-5.098039284348487854e-02
-1.000000000000000000e+00
-3.882353007793426514e-01
1.000000000000000000e+00
6.627451181411743164e-01
-1.000000000000000000e+00
-1.000000000000000000e+00
6.862745285034179688e-01
1.000000000000000000e+00
-4.039215743541717529e-01
-1.000000000000000000e+00
-2.745098061859607697e-02
1.000000000000000000e+00
3.254902064800262451e-01
-1.000000000000000000e+00
-7.333333492279052734e-01
9.607843160629272461e-01
9.529411792755126953e-01
-7.490196228027343750e-01
-1.000000000000000000e+00
3.490196168422698975e-01
1.000000000000000000e+00
-4.313725605607032776e-02
-1.000000000000000000e+00
-3.960784375667572021e-01
1.000000000000000000e+00
6.549019813537597656e-01
-1.000000000000000000e+00
-1.000000000000000000e+00
6.784313917160034180e-01
1.000000000000000000e+00
-4.196078479290008545e-01
-1.000000000000000000e+00
-1.176470611244440079e-02
1.000000000000000000e+00
3.254902064800262451e-01
-1.000000000000000000e+00
-7.333333492279052734e-01
9.607843160629272461e-01
9.450980424880981445e-01
-7.568627595901489258e-01
-1.000000000000000000e+00
3.411764800548553467e-01
1.000000000000000000e+00
-4.313725605607032776e-02
-1.000000000000000000e+00
-3.960784375667572021e-01
1.000000000000000000e+00
6.627451181411743164e-01
-1.000000000000000000e+00
-1.000000000000000000e+00
6.862745285034179688e-01
1.000000000000000000e+00
-4.117647111415863037e-01
-1.000000000000000000e+00
-1.176470611244440079e-02
1.000000000000000000e+00
3.254902064800262451e-01
-1.000000000000000000e+00
-7.333333492279052734e-01
9.607843160629272461e-01
9.450980424880981445e-01
-7.568627595901489258e-01
-1.000000000000000000e+00
3.490196168422698975e-01
1.000000000000000000e+00
-4.313725605607032776e-02
-1.000000000000000000e+00
-3.960784375667572021e-01
1.000000000000000000e+00
6.627451181411743164e-01
-1.000000000000000000e+00
-1.000000000000000000e+00
6.784313917160034180e-01
1.000000000000000000e+00
-4.117647111415863037e-01
-1.000000000000000000e+00
-1.960784383118152618e-02
1.000000000000000000e+00
3.333333432674407959e-01
-1.000000000000000000e+00
-7.411764860153198242e-01
9.529411792755126953e-01
9.450980424880981445e-01
-7.568627595901489258e-01
-1.000000000000000000e+00
3.490196168422698975e-01
1.000000000000000000e+00
-3.529411926865577698e-02
-1.000000000000000000e+00
-3.882353007793426514e-01
1.000000000000000000e+00
6.627451181411743164e-01
-1.000000000000000000e+00
-1.000000000000000000e+00
6.784313917160034180e-01
1.000000000000000000e+00
-4.196078479290008545e-01
-1.000000000000000000e+00
-2.745098061859607697e-02
1.000000000000000000e+00
3.254902064800262451e-01
-1.000000000000000000e+00
-7.254902124404907227e-01
9.607843160629272461e-01
9.450980424880981445e-01
-7.490196228027343750e-01
-1.000000000000000000e+00
3.490196168422698975e-01
1.000000000000000000e+00
-4.313725605607032776e-02
-1.000000000000000000e+00
-3.960784375667572021e-01
1.000000000000000000e+00
6.627451181411743164e-01
-1.000000000000000000e+00
-1.000000000000000000e+00
6.784313917160034180e-01
1.000000000000000000e+00
-4.039215743541717529e-01
-1.000000000000000000e+00
-1.960784383118152618e-02
1.000000000000000000e+00
3.254902064800262451e-01
-1.000000000000000000e+00
-7.333333492279052734e-01
9.607843160629272461e-01
9.450980424880981445e-01
-7.490196228027343750e-01
-1.000000000000000000e+00
3.411764800548553467e-01
1.000000000000000000e+00
-5.098039284348487854e-02
-1.000000000000000000e+00
-3.960784375667572021e-01
1.000000000000000000e+00
6.627451181411743164e-01
-1.000000000000000000e+00
-1.000000000000000000e+00
6.784313917160034180e-01
1.000000000000000000e+00
-4.039215743541717529e-01
-1.000000000000000000e+00
-1.960784383118152618e-02
1.000000000000000000e+00
3.254902064800262451e-01
-1.000000000000000000e+00
-7.333333492279052734e-01
9.764705896377563477e-01
9.450980424880981445e-01
-7.568627595901489258e-01
-1.000000000000000000e+00
3.411764800548553467e-01
1.000000000000000000e+00
-4.313725605607032776e-02
-1.000000000000000000e+00
-3.882353007793426514e-01
1.000000000000000000e+00
6.705882549285888672e-01
-1.000000000000000000e+00
-1.000000000000000000e+00
6.784313917160034180e-01
1.000000000000000000e+00
-4.117647111415863037e-01
-1.000000000000000000e+00
-2.745098061859607697e-02
1.000000000000000000e+00
3.176470696926116943e-01
-1.000000000000000000e+00
-7.411764860153198242e-01
9.529411792755126953e-01
9.529411792755126953e-01
-7.411764860153198242e-01
-1.000000000000000000e+00
3.411764800548553467e-01
1.000000000000000000e+00
-4.313725605607032776e-02
-1.000000000000000000e+00
-3.882353007793426514e-01
1.000000000000000000e+00
6.627451181411743164e-01
-1.000000000000000000e+00
-1.000000000000000000e+00
6.784313917160034180e-01
1.000000000000000000e+00
-4.117647111415863037e-01
-1.000000000000000000e+00
-2.745098061859607697e-02
1.000000000000000000e+00
3.333333432674407959e-01
-1.000000000000000000e+00
-7.333333492279052734e-01
9.607843160629272461e-01
9.529411792755126953e-01
-7.490196228027343750e-01
-1.000000000000000000e+00
3.490196168422698975e-01
1.000000000000000000e+00
-4.313725605607032776e-02
-1.000000000000000000e+00
-3.960784375667572021e-01
1.000000000000000000e+00
6.627451181411743164e-01
-1.000000000000000000e+00
-1.000000000000000000e+00
6.862745285034179688e-01
1.000000000000000000e+00
-4.196078479290008545e-01
-1.000000000000000000e+00
-1.176470611244440079e-02
1.000000000000000000e+00
3.254902064800262451e-01
-1.000000000000000000e+00
-7.333333492279052734e-01
9.607843160629272461e-01
9.450980424880981445e-01
-7.411764860153198242e-01
-1.000000000000000000e+00
3.411764800548553467e-01
1.000000000000000000e+00
-4.313725605607032776e-02
-1.000000000000000000e+00
-3.960784375667572021e-01
1.000000000000000000e+00
6.705882549285888672e-01
-1.000000000000000000e+00
-1.000000000000000000e+00
6.862745285034179688e-01
1.000000000000000000e+00
-4.117647111415863037e-01
-1.000000000000000000e+00
-2.745098061859607697e-02
1.000000000000000000e+00
3.254902064800262451e-01
-1.000000000000000000e+00
-7.411764860153198242e-01
9.529411792755126953e-01
9.450980424880981445e-01
-7.490196228027343750e-01
-1.000000000000000000e+00
3.490196168422698975e-01
1.000000000000000000e+00
-4.313725605607032776e-02
-1.000000000000000000e+00
-3.960784375667572021e-01
1.000000000000000000e+00
6.705882549285888672e-01
-1.000000000000000000e+00
-1.000000000000000000e+00
6.784313917160034180e-01
1.000000000000000000e+00
-4.117647111415863037e-01
-1.000000000000000000e+00
-2.745098061859607697e-02
1.000000000000000000e+00
3.254902064800262451e-01
-1.000000000000000000e+00
-7.333333492279052734e-01
9.607843160629272461e-01
9.450980424880981445e-01
-7.490196228027343750e-01
-1.000000000000000000e+00
3.490196168422698975e-01
1.000000000000000000e+00
-4.313725605607032776e-02
-1.000000000000000000e+00
-3.960784375667572021e-01
1.000000000000000000e+00
6.705882549285888672e-01
-1.000000000000000000e+00
-1.000000000000000000e+00
6.784313917160034180e-01
1.000000000000000000e+00
-4.039215743541717529e-01
-1.000000000000000000e+00
-2.745098061859607697e-02
1.000000000000000000e+00
3.411764800548553467e-01
-1.000000000000000000e+00
-7.411764860153198242e-01
9.607843160629272461e-01
9.529411792755126953e-01
-7.490196228027343750e-01
-1.000000000000000000e+00
3.411764800548553467e-01
1.000000000000000000e+00
-5.098039284348487854e-02
-1.000000000000000000e+00
-3.960784375667572021e-01
1.000000000000000000e+00
6.627451181411743164e-01
-1.000000000000000000e+00
-1.000000000000000000e+00
6.862745285034179688e-01
1.000000000000000000e+00
-4.039215743541717529e-01
-1.000000000000000000e+00
-1.960784383118152618e-02
1.000000000000000000e+00
3.254902064800262451e-01
-1.000000000000000000e+00
-7.411764860153198242e-01
9.529411792755126953e-01
9.372549057006835938e-01
-7.568627595901489258e-01
-1.000000000000000000e+00
3.411764800548553467e-01
1.000000000000000000e+00
-3.529411926865577698e-02
-1.000000000000000000e+00
-3.960784375667572021e-01
1.000000000000000000e+00
6.705882549285888672e-01
-1.000000000000000000e+00
-1.000000000000000000e+00
6.862745285034179688e-01
1.000000000000000000e+00
-4.117647111415863037e-01
-1.000000000000000000e+00
-2.745098061859607697e-02
1.000000000000000000e+00
3.254902064800262451e-01
-1.000000000000000000e+00
-7.490196228027343750e-01
9.607843160629272461e-01
9.529411792755126953e-01
-7.411764860153198242e-01
-1.000000000000000000e+00
3.411764800548553467e-01
1.000000000000000000e+00
-3.529411926865577698e-02
-1.000000000000000000e+00
-3.960784375667572021e-01
1.000000000000000000e+00
6.705882549285888672e-01
-1.000000000000000000e+00
-1.000000000000000000e+00
6.784313917160034180e-01
1.000000000000000000e+00
-4.117647111415863037e-01
-1.000000000000000000e+00
-2.745098061859607697e-02
1.000000000000000000e+00
3.333333432674407959e-01
-1.000000000000000000e+00
-7.411764860153198242e-01
9.686274528503417969e-01
9.529411792755126953e-01
-7.490196228027343750e-01
-1.000000000000000000e+00
3.490196168422698975e-01
1.000000000000000000e+00
-3.529411926865577698e-02
-1.000000000000000000e+00
-3.882353007793426514e-01
1.000000000000000000e+00
6.627451181411743164e-01
-1.000000000000000000e+00
-1.000000000000000000e+00
6.784313917160034180e-01
1.000000000000000000e+00
-4.039215743541717529e-01
-1.000000000000000000e+00
-1.960784383118152618e-02
1.000000000000000000e+00
3.333333432674407959e-01
-1.000000000000000000e+00
-7.411764860153198242e-01
9.529411792755126953e-01
9.450980424880981445e-01
-7.568627595901489258e-01
-1.000000000000000000e+00
3.333333432674407959e-01
1.000000000000000000e+00
-4.313725605607032776e-02
-1.000000000000000000e+00
-4.039215743541717529e-01
1.000000000000000000e+00
6.784313917160034180e-01
-1.000000000000000000e+00
-1.000000000000000000e+00
6.784313917160034180e-01
1.000000000000000000e+00
-4.039215743541717529e-01
-1.000000000000000000e+00
-2.745098061859607697e-02
1.000000000000000000e+00
3.333333432674407959e-01
-1.000000000000000000e+00
-7.333333492279052734e-01
9.607843160629272461e-01
9.450980424880981445e-01
-7.490196228027343750e-01
-1.000000000000000000e+00
3.490196168422698975e-01
1.000000000000000000e+00
-4.313725605607032776e-02
-1.000000000000000000e+00
-3.960784375667572021e-01
1.000000000000000000e+00
6.784313917160034180e-01
-1.000000000000000000e+00
-1.000000000000000000e+00
6.784313917160034180e-01
1.000000000000000000e+00
-4.039215743541717529e-01
-1.000000000000000000e+00
-2.745098061859607697e-02
1.000000000000000000e+00
3.333333432674407959e-01
-1.000000000000000000e+00
-7.411764860153198242e-01
9.607843160629272461e-01
9.450980424880981445e-01
-7.490196228027343750e-01
-1.000000000000000000e+00
3.411764800548553467e-01
1.000000000000000000e+00
-3.529411926865577698e-02
-1.000000000000000000e+00
-3.960784375667572021e-01
1.000000000000000000e+00
6.705882549285888672e-01
-1.000000000000000000e+00
-1.000000000000000000e+00
6.705882549285888672e-01
1.000000000000000000e+00
-4.117647111415863037e-01
-1.000000000000000000e+00
-2.745098061859607697e-02
1.000000000000000000e+00
3.333333432674407959e-01
-1.000000000000000000e+00
-7.333333492279052734e-01
9.607843160629272461e-01
9.529411792755126953e-01
-7.490196228027343750e-01
-1.000000000000000000e+00
3.411764800548553467e-01
1.000000000000000000e+00
-4.313725605607032776e-02
-1.000000000000000000e+00
-4.039215743541717529e-01
1.000000000000000000e+00
6.627451181411743164e-01
-1.000000000000000000e+00
-1.000000000000000000e+00
6.862745285034179688e-01
1.000000000000000000e+00
-4.039215743541717529e-01
-1.000000000000000000e+00
-2.745098061859607697e-02
1.000000000000000000e+00
3.333333432674407959e-01
-1.000000000000000000e+00
-7.490196228027343750e-01
9.529411792755126953e-01
9.529411792755126953e-01
-7.490196228027343750e-01
-1.000000000000000000e+00
3.333333432674407959e-01
1.000000000000000000e+00
-3.529411926865577698e-02
-1.000000000000000000e+00
-3.960784375667572021e-01
1.000000000000000000e+00
6.705882549285888672e-01
-1.000000000000000000e+00
-1.000000000000000000e+00
6.862745285034179688e-01
1.000000000000000000e+00
-4.117647111415863037e-01
-1.000000000000000000e+00
-2.745098061859607697e-02
1.000000000000000000e+00
3.333333432674407959e-01
-1.000000000000000000e+00
-7.411764860153198242e-01
9.529411792755126953e-01
9.529411792755126953e-01
-7.490196228027343750e-01
-1.000000000000000000e+00
3.333333432674407959e-01
1.000000000000000000e+00
-2.745098061859607697e-02
-1.000000000000000000e+00
-4.039215743541717529e-01
1.000000000000000000e+00
6.784313917160034180e-01
-1.000000000000000000e+00
-1.000000000000000000e+00
6.705882549285888672e-01
1.000000000000000000e+00
-4.117647111415863037e-01
-1.000000000000000000e+00
-3.529411926865577698e-02
1.000000000000000000e+00
3.333333432674407959e-01
-1.000000000000000000e+00
-7.411764860153198242e-01
9.607843160629272461e-01
9.529411792755126953e-01
-7.411764860153198242e-01
-1.000000000000000000e+00
3.411764800548553467e-01
1.000000000000000000e+00
-4.313725605607032776e-02
-1.000000000000000000e+00
-4.039215743541717529e-01
1.000000000000000000e+00
6.627451181411743164e-01
-1.000000000000000000e+00
-1.000000000000000000e+00
6.705882549285888672e-01
1.000000000000000000e+00
-4.039215743541717529e-01
-1.000000000000000000e+00
-2.745098061859607697e-02
1.000000000000000000e+00
3.333333432674407959e-01
-1.000000000000000000e+00
-7.333333492279052734e-01
9.607843160629272461e-01
9.529411792755126953e-01
-7.490196228027343750e-01
-1.000000000000000000e+00
3.411764800548553467e-01
1.000000000000000000e+00
-3.529411926865577698e-02
-1.000000000000000000e+00
-4.039215743541717529e-01
1.000000000000000000e+00
6.705882549285888672e-01
-1.000000000000000000e+00
-1.000000000000000000e+00
6.784313917160034180e-01
1.000000000000000000e+00
-3.960784375667572021e-01
-1.000000000000000000e+00
-2.745098061859607697e-02
1.000000000000000000e+00
3.333333432674407959e-01
-1.000000000000000000e+00
-7.333333492279052734e-01
9.607843160629272461e-01
9.529411792755126953e-01
-7.490196228027343750e-01
-1.000000000000000000e+00
3.411764800548553467e-01
1.000000000000000000e+00
-3.529411926865577698e-02
-1.000000000000000000e+00
-4.039215743541717529e-01
1.000000000000000000e+00
6.784313917160034180e-01
-1.000000000000000000e+00
-1.000000000000000000e+00
6.784313917160034180e-01
1.000000000000000000e+00
-4.039215743541717529e-01
-1.000000000000000000e+00
-1.176470611244440079e-02
1.000000000000000000e+00
3.254902064800262451e-01
-1.000000000000000000e+00
-7.411764860153198242e-01
9.529411792755126953e-01
9.529411792755126953e-01
-7.411764860153198242e-01
-1.000000000000000000e+00
3.411764800548553467e-01
1.000000000000000000e+00
-3.529411926865577698e-02
-1.000000000000000000e+00
-4.039215743541717529e-01
1.000000000000000000e+00
6.705882549285888672e-01
-1.000000000000000000e+00
-1.000000000000000000e+00
6.705882549285888672e-01
1.000000000000000000e+00
-4.039215743541717529e-01
-1.000000000000000000e+00
-3.529411926865577698e-02
1.000000000000000000e+00
3.411764800548553467e-01
-1.000000000000000000e+00
-7.411764860153198242e-01
9.529411792755126953e-01
9.529411792755126953e-01
-7.411764860153198242e-01
-1.000000000000000000e+00
3.333333432674407959e-01
1.000000000000000000e+00
-4.313725605607032776e-02
-1.000000000000000000e+00
-3.960784375667572021e-01
1.000000000000000000e+00
6.705882549285888672e-01
-1.000000000000000000e+00
-1.000000000000000000e+00
6.784313917160034180e-01
1.000000000000000000e+00
-4.039215743541717529e-01
-1.000000000000000000e+00
-2.745098061859607697e-02
1.000000000000000000e+00
3.411764800548553467e-01
-1.000000000000000000e+00
-7.411764860153198242e-01
9.529411792755126953e-01
9.529411792755126953e-01
-7.411764860153198242e-01
-1.000000000000000000e+00
3.411764800548553467e-01
1.000000000000000000e+00
-3.529411926865577698e-02
-1.000000000000000000e+00
-4.039215743541717529e-01
1.000000000000000000e+00
6.705882549285888672e-01
-1.000000000000000000e+00
-1.000000000000000000e+00
6.784313917160034180e-01
1.000000000000000000e+00
-4.039215743541717529e-01
-1.000000000000000000e+00
-2.745098061859607697e-02
1.000000000000000000e+00
3.333333432674407959e-01
-1.000000000000000000e+00
-7.490196228027343750e-01
9.529411792755126953e-01
9.529411792755126953e-01
-7.490196228027343750e-01
-1.000000000000000000e+00
3.411764800548553467e-01
1.000000000000000000e+00
-2.745098061859607697e-02
-1.000000000000000000e+00
-3.960784375667572021e-01
1.000000000000000000e+00
6.705882549285888672e-01
-1.000000000000000000e+00
-1.000000000000000000e+00
6.705882549285888672e-01
1.000000000000000000e+00
-4.117647111415863037e-01
-1.000000000000000000e+00
-3.529411926865577698e-02
1.000000000000000000e+00
3.333333432674407959e-01
-1.000000000000000000e+00
-7.411764860153198242e-01
9.686274528503417969e-01
9.529411792755126953e-01
-7.411764860153198242e-01
-1.000000000000000000e+00
3.333333432674407959e-01
1.000000000000000000e+00
-2.745098061859607697e-02
-1.000000000000000000e+00
-4.039215743541717529e-01
1.000000000000000000e+00
6.705882549285888672e-01
-1.000000000000000000e+00
-1.000000000000000000e+00
6.705882549285888672e-01
1.000000000000000000e+00
-4.039215743541717529e-01
-1.000000000000000000e+00
-1.960784383118152618e-02
1.000000000000000000e+00
3.333333432674407959e-01
-1.000000000000000000e+00
-7.411764860153198242e-01
9.607843160629272461e-01
9.529411792755126953e-01
-7.411764860153198242e-01
-1.000000000000000000e+00
3.411764800548553467e-01
1.000000000000000000e+00
-3.529411926865577698e-02
-1.000000000000000000e+00
-4.039215743541717529e-01
1.000000000000000000e+00
6.705882549285888672e-01
-1.000000000000000000e+00
-1.000000000000000000e+00
6.627451181411743164e-01
1.000000000000000000e+00
-3.882353007793426514e-01
-1.000000000000000000e+00
-2.745098061859607697e-02
1.000000000000000000e+00
3.411764800548553467e-01
-1.000000000000000000e+00
-7.411764860153198242e-01
9.607843160629272461e-01
9.607843160629272461e-01
-7.490196228027343750e-01
-1.000000000000000000e+00
3.333333432674407959e-01
1.000000000000000000e+00
-3.529411926865577698e-02
-1.000000000000000000e+00
-3.960784375667572021e-01
1.000000000000000000e+00
6.784313917160034180e-01
-1.000000000000000000e+00
-1.000000000000000000e+00
6.784313917160034180e-01
1.000000000000000000e+00
-4.039215743541717529e-01
-1.000000000000000000e+00
-3.529411926865577698e-02
1.000000000000000000e+00
3.333333432674407959e-01
-1.000000000000000000e+00
-7.411764860153198242e-01
9.450980424880981445e-01
9.450980424880981445e-01
-7.333333492279052734e-01
-1.000000000000000000e+00
3.333333432674407959e-01
1.000000000000000000e+00
-3.529411926865577698e-02
-1.000000000000000000e+00
-3.960784375667572021e-01
1.000000000000000000e+00
6.705882549285888672e-01
-1.000000000000000000e+00
-1.000000000000000000e+00
6.705882549285888672e-01
1.000000000000000000e+00
-4.039215743541717529e-01
-1.000000000000000000e+00
-3.529411926865577698e-02
1.000000000000000000e+00
3.411764800548553467e-01
-1.000000000000000000e+00
-7.411764860153198242e-01
9.529411792755126953e-01
9.529411792755126953e-01
-7.333333492279052734e-01
-1.000000000000000000e+00
3.333333432674407959e-01
1.000000000000000000e+00
-3.529411926865577698e-02
-1.000000000000000000e+00
-4.039215743541717529e-01
1.000000000000000000e+00
6.705882549285888672e-01
-1.000000000000000000e+00
-1.000000000000000000e+00
6.705882549285888672e-01
1.000000000000000000e+00
-4.039215743541717529e-01
-1.000000000000000000e+00
-1.960784383118152618e-02
1.000000000000000000e+00
3.333333432674407959e-01
-1.000000000000000000e+00
-7.411764860153198242e-01
9.529411792755126953e-01
9.529411792755126953e-01
-7.411764860153198242e-01
-1.000000000000000000e+00
3.333333432674407959e-01
1.000000000000000000e+00
-3.529411926865577698e-02
-1.000000000000000000e+00
-4.039215743541717529e-01
1.000000000000000000e+00
6.784313917160034180e-01
-1.000000000000000000e+00
-1.000000000000000000e+00
6.784313917160034180e-01
1.000000000000000000e+00
-4.039215743541717529e-01
-1.000000000000000000e+00
-3.529411926865577698e-02
1.000000000000000000e+00
3.333333432674407959e-01
-1.000000000000000000e+00
-7.490196228027343750e-01
9.529411792755126953e-01
9.529411792755126953e-01
-7.411764860153198242e-01
-1.000000000000000000e+00
3.333333432674407959e-01
1.000000000000000000e+00
-2.745098061859607697e-02
-1.000000000000000000e+00
-4.039215743541717529e-01
1.000000000000000000e+00
6.784313917160034180e-01
-1.000000000000000000e+00
-1.000000000000000000e+00
6.627451181411743164e-01
1.000000000000000000e+00
-4.039215743541717529e-01
-1.000000000000000000e+00
-3.529411926865577698e-02
1.000000000000000000e+00
3.333333432674407959e-01
-1.000000000000000000e+00
-7.411764860153198242e-01
9.607843160629272461e-01
9.529411792755126953e-01
-7.411764860153198242e-01
-1.000000000000000000e+00
3.411764800548553467e-01
1.000000000000000000e+00
-2.745098061859607697e-02
-1.000000000000000000e+00
-4.039215743541717529e-01
1.000000000000000000e+00
6.784313917160034180e-01
-1.000000000000000000e+00
-1.000000000000000000e+00
6.705882549285888672e-01
1.000000000000000000e+00
-3.960784375667572021e-01
-1.000000000000000000e+00
-2.745098061859607697e-02
1.000000000000000000e+00
3.411764800548553467e-01
-1.000000000000000000e+00
-7.411764860153198242e-01
9.529411792755126953e-01
9.607843160629272461e-01
-7.333333492279052734e-01
-1.000000000000000000e+00
3.333333432674407959e-01
1.000000000000000000e+00
-2.745098061859607697e-02
-1.000000000000000000e+00
-4.117647111415863037e-01
1.000000000000000000e+00
6.705882549285888672e-01
-1.000000000000000000e+00
-1.000000000000000000e+00
6.784313917160034180e-01
1.000000000000000000e+00
-3.960784375667572021e-01
-1.000000000000000000e+00
-3.529411926865577698e-02
1.000000000000000000e+00
3.333333432674407959e-01
-1.000000000000000000e+00
-7.490196228027343750e-01
9.529411792755126953e-01
9.450980424880981445e-01
-7.490196228027343750e-01
-1.000000000000000000e+00
3.333333432674407959e-01
1.000000000000000000e+00
-3.529411926865577698e-02
-1.000000000000000000e+00
-3.960784375667572021e-01
1.000000000000000000e+00
6.784313917160034180e-01
-1.000000000000000000e+00
-1.000000000000000000e+00
6.784313917160034180e-01
1.000000000000000000e+00
-4.039215743541717529e-01
-1.000000000000000000e+00
-3.529411926865577698e-02
1.000000000000000000e+00
3.333333432674407959e-01
-1.000000000000000000e+00
-7.490196228027343750e-01
9.529411792755126953e-01
9.607843160629272461e-01
-7.333333492279052734e-01
-1.000000000000000000e+00
3.333333432674407959e-01
1.000000000000000000e+00
-2.745098061859607697e-02
-1.000000000000000000e+00
-4.039215743541717529e-01
1.000000000000000000e+00
6.705882549285888672e-01
-1.000000000000000000e+00
-1.000000000000000000e+00
6.705882549285888672e-01
1.000000000000000000e+00
-4.039215743541717529e-01
-1.000000000000000000e+00
-3.529411926865577698e-02
1.000000000000000000e+00
3.411764800548553467e-01
-1.000000000000000000e+00
-7.333333492279052734e-01
9.607843160629272461e-01
9.529411792755126953e-01
-7.333333492279052734e-01
-1.000000000000000000e+00
3.333333432674407959e-01
1.000000000000000000e+00
-2.745098061859607697e-02
-1.000000000000000000e+00
-4.039215743541717529e-01
1.000000000000000000e+00
6.705882549285888672e-01
-1.000000000000000000e+00
-1.000000000000000000e+00
6.705882549285888672e-01
1.000000000000000000e+00
-3.960784375667572021e-01
-1.000000000000000000e+00
-3.529411926865577698e-02
1.000000000000000000e+00
3.411764800548553467e-01
-1.000000000000000000e+00
-7.490196228027343750e-01
9.450980424880981445e-01
9.529411792755126953e-01
-7.411764860153198242e-01
-1.000000000000000000e+00
3.333333432674407959e-01
1.000000000000000000e+00
-2.745098061859607697e-02
-1.000000000000000000e+00
-4.039215743541717529e-01
1.000000000000000000e+00
6.784313917160034180e-01
-1.000000000000000000e+00
-1.000000000000000000e+00
6.705882549285888672e-01
1.000000000000000000e+00
-3.960784375667572021e-01
-1.000000000000000000e+00
-4.313725605607032776e-02
1.000000000000000000e+00
3.333333432674407959e-01
-1.000000000000000000e+00
-7.411764860153198242e-01
9.529411792755126953e-01
9.529411792755126953e-01
-7.411764860153198242e-01
-1.000000000000000000e+00
3.411764800548553467e-01
1.000000000000000000e+00
-2.745098061859607697e-02
-1.000000000000000000e+00
-4.039215743541717529e-01
1.000000000000000000e+00
6.784313917160034180e-01
-1.000000000000000000e+00
-1.000000000000000000e+00
6.705882549285888672e-01
1.000000000000000000e+00
-3.960784375667572021e-01
-1.000000000000000000e+00
-3.529411926865577698e-02
1.000000000000000000e+00
3.411764800548553467e-01
-1.000000000000000000e+00
-7.411764860153198242e-01
9.450980424880981445e-01
9.529411792755126953e-01
-7.254902124404907227e-01
-1.000000000000000000e+00
3.333333432674407959e-01
1.000000000000000000e+00
-2.745098061859607697e-02
-1.000000000000000000e+00
-4.117647111415863037e-01
1.000000000000000000e+00
6.784313917160034180e-01
-1.000000000000000000e+00
-1.000000000000000000e+00
6.627451181411743164e-01
1.000000000000000000e+00
-3.960784375667572021e-01
-1.000000000000000000e+00
-3.529411926865577698e-02
1.000000000000000000e+00
3.411764800548553467e-01
-1.000000000000000000e+00
-7.411764860153198242e-01
9.529411792755126953e-01
9.529411792755126953e-01
-7.411764860153198242e-01
-1.000000000000000000e+00
3.254902064800262451e-01
1.000000000000000000e+00
-3.529411926865577698e-02
-1.000000000000000000e+00
-4.117647111415863037e-01
1.000000000000000000e+00
6.705882549285888672e-01
-1.000000000000000000e+00
-1.000000000000000000e+00
6.705882549285888672e-01
1.000000000000000000e+00
-3.960784375667572021e-01
-1.000000000000000000e+00
-2.745098061859607697e-02
1.000000000000000000e+00
3.333333432674407959e-01
-1.000000000000000000e+00
-7.490196228027343750e-01
9.529411792755126953e-01
9.529411792755126953e-01
-7.411764860153198242e-01
-1.000000000000000000e+00
3.254902064800262451e-01
1.000000000000000000e+00
-2.745098061859607697e-02
-1.000000000000000000e+00
-4.039215743541717529e-01
1.000000000000000000e+00
6.784313917160034180e-01
-1.000000000000000000e+00
-1.000000000000000000e+00
6.705882549285888672e-01
1.000000000000000000e+00
-3.960784375667572021e-01
-1.000000000000000000e+00
-3.529411926865577698e-02
1.000000000000000000e+00
3.411764800548553467e-01
-1.000000000000000000e+00
-7.490196228027343750e-01
9.529411792755126953e-01
9.607843160629272461e-01
-7.411764860153198242e-01
-1.000000000000000000e+00
3.411764800548553467e-01
1.000000000000000000e+00
-2.745098061859607697e-02
-1.000000000000000000e+00
-4.039215743541717529e-01
1.000000000000000000e+00
6.784313917160034180e-01
-1.000000000000000000e+00
-1.000000000000000000e+00
6.627451181411743164e-01
1.000000000000000000e+00
-4.039215743541717529e-01
-1.000000000000000000e+00
-3.529411926865577698e-02
1.000000000000000000e+00
3.411764800548553467e-01
-1.000000000000000000e+00
-7.411764860153198242e-01
9.529411792755126953e-01
9.607843160629272461e-01
-7.333333492279052734e-01
-1.000000000000000000e+00
3.333333432674407959e-01
1.000000000000000000e+00
-2.745098061859607697e-02
-1.000000000000000000e+00
-4.039215743541717529e-01
1.000000000000000000e+00
6.705882549285888672e-01
-1.000000000000000000e+00
-1.000000000000000000e+00
6.705882549285888672e-01
1.000000000000000000e+00
-3.960784375667572021e-01
-1.000000000000000000e+00
-3.529411926865577698e-02
1.000000000000000000e+00
3.411764800548553467e-01
-1.000000000000000000e+00
-7.490196228027343750e-01
9.450980424880981445e-01
9.529411792755126953e-01
-7.411764860153198242e-01
-1.000000000000000000e+00
3.333333432674407959e-01
1.000000000000000000e+00
-2.745098061859607697e-02
-1.000000000000000000e+00
-4.039215743541717529e-01
1.000000000000000000e+00
6.784313917160034180e-01
-1.000000000000000000e+00
-1.000000000000000000e+00
6.705882549285888672e-01
1.000000000000000000e+00
-3.960784375667572021e-01
-1.000000000000000000e+00
-4.313725605607032776e-02
1.000000000000000000e+00
3.411764800548553467e-01
-1.000000000000000000e+00
-7.490196228027343750e-01
9.450980424880981445e-01
9.529411792755126953e-01
-7.333333492279052734e-01
-1.000000000000000000e+00
3.333333432674407959e-01
1.000000000000000000e+00
-3.529411926865577698e-02
-1.000000000000000000e+00
-3.960784375667572021e-01
1.000000000000000000e+00
6.784313917160034180e-01
-1.000000000000000000e+00
-1.000000000000000000e+00
6.705882549285888672e-01
1.000000000000000000e+00
-3.882353007793426514e-01
-1.000000000000000000e+00
-4.313725605607032776e-02
1.000000000000000000e+00
3.411764800548553467e-01
-1.000000000000000000e+00
-7.490196228027343750e-01
9.529411792755126953e-01
9.607843160629272461e-01
-7.333333492279052734e-01
-1.000000000000000000e+00
3.333333432674407959e-01
1.000000000000000000e+00
-2.745098061859607697e-02
-1.000000000000000000e+00
-4.117647111415863037e-01
1.000000000000000000e+00
6.784313917160034180e-01
-1.000000000000000000e+00
-1.000000000000000000e+00
6.627451181411743164e-01
1.000000000000000000e+00
-4.039215743541717529e-01
-1.000000000000000000e+00
-2.745098061859607697e-02
1.000000000000000000e+00
3.411764800548553467e-01
-1.000000000000000000e+00
-7.490196228027343750e-01
9.529411792755126953e-01
9.607843160629272461e-01
-7.333333492279052734e-01
-1.000000000000000000e+00
3.254902064800262451e-01
1.000000000000000000e+00
-1.960784383118152618e-02
-1.000000000000000000e+00
-4.117647111415863037e-01
1.000000000000000000e+00
6.784313917160034180e-01
-1.000000000000000000e+00
-1.000000000000000000e+00
6.705882549285888672e-01
1.000000000000000000e+00
-3.960784375667572021e-01
-1.000000000000000000e+00
-3.529411926865577698e-02
1.000000000000000000e+00
3.411764800548553467e-01
-1.000000000000000000e+00
-7.490196228027343750e-01
9.529411792755126953e-01
9.607843160629272461e-01
-7.411764860153198242e-01
-1.000000000000000000e+00
3.333333432674407959e-01
1.000000000000000000e+00
-1.960784383118152618e-02
-1.000000000000000000e+00
-4.196078479290008545e-01
1.000000000000000000e+00
6.941176652908325195e-01
-1.000000000000000000e+00
-1.000000000000000000e+00
6.705882549285888672e-01
1.000000000000000000e+00
-3.960784375667572021e-01
-1.000000000000000000e+00
-2.745098061859607697e-02
1.000000000000000000e+00
3.333333432674407959e-01
-1.000000000000000000e+00
-7.490196228027343750e-01
9.529411792755126953e-01
9.607843160629272461e-01
-7.333333492279052734e-01
-1.000000000000000000e+00
3.333333432674407959e-01
1.000000000000000000e+00
-1.960784383118152618e-02
-1.000000000000000000e+00
-4.039215743541717529e-01
1.000000000000000000e+00
6.784313917160034180e-01
-1.000000000000000000e+00
-1.000000000000000000e+00
6.627451181411743164e-01
1.000000000000000000e+00
-3.960784375667572021e-01
-1.000000000000000000e+00
-4.313725605607032776e-02
1.000000000000000000e+00
3.490196168422698975e-01
-1.000000000000000000e+00
-7.490196228027343750e-01
9.529411792755126953e-01
9.529411792755126953e-01
-7.333333492279052734e-01
-1.000000000000000000e+00
3.333333432674407959e-01
1.000000000000000000e+00
-2.745098061859607697e-02
-1.000000000000000000e+00
-4.117647111415863037e-01
1.000000000000000000e+00
6.784313917160034180e-01
-1.000000000000000000e+00
-1.000000000000000000e+00
6.705882549285888672e-01
1.000000000000000000e+00
-3.960784375667572021e-01
-1.000000000000000000e+00
-4.313725605607032776e-02
1.000000000000000000e+00
3.490196168422698975e-01
-1.000000000000000000e+00
-7.490196228027343750e-01
9.450980424880981445e-01
9.529411792755126953e-01
-7.333333492279052734e-01
-1.000000000000000000e+00
3.254902064800262451e-01
1.000000000000000000e+00
-2.745098061859607697e-02
-1.000000000000000000e+00
-4.039215743541717529e-01
1.000000000000000000e+00
6.705882549285888672e-01
-1.000000000000000000e+00
-1.000000000000000000e+00
6.705882549285888672e-01
1.000000000000000000e+00
-3.882353007793426514e-01
-1.000000000000000000e+00
-4.313725605607032776e-02
1.000000000000000000e+00
3.490196168422698975e-01
-1.000000000000000000e+00
-7.568627595901489258e-01
9.450980424880981445e-01
9.529411792755126953e-01
-7.411764860153198242e-01
-1.000000000000000000e+00
3.333333432674407959e-01
1.000000000000000000e+00
-1.960784383118152618e-02
-1.000000000000000000e+00
-4.039215743541717529e-01
1.000000000000000000e+00
6.784313917160034180e-01
-1.000000000000000000e+00
-1.000000000000000000e+00
6.627451181411743164e-01
1.000000000000000000e+00
-3.960784375667572021e-01
-1.000000000000000000e+00
-4.313725605607032776e-02
1.000000000000000000e+00
3.411764800548553467e-01
-1.000000000000000000e+00
6.078431606292724609e-01
-6.784313917160034180e-01
6.078431606292724609e-01
-6.862745285034179688e-01
6.156862974166870117e-01
-6.784313917160034180e-01
6.078431606292724609e-01
-6.862745285034179688e-01
6.156862974166870117e-01
-6.784313917160034180e-01
6.156862974166870117e-01
-6.862745285034179688e-01
6.078431606292724609e-01
-6.862745285034179688e-01
6.078431606292724609e-01
-6.941176652908325195e-01
6.235294342041015625e-01
-6.862745285034179688e-01
6.078431606292724609e-01
-6.784313917160034180e-01
6.078431606292724609e-01
-6.784313917160034180e-01
6.078431606292724609e-01
-6.862745285034179688e-01
6.235294342041015625e-01
-6.862745285034179688e-01
6.156862974166870117e-01
-6.862745285034179688e-01
6.078431606292724609e-01
-6.784313917160034180e-01
6.156862974166870117e-01
-6.784313917160034180e-01
6.156862974166870117e-01
-6.862745285034179688e-01
6.156862974166870117e-01
-6.862745285034179688e-01
6.156862974166870117e-01
-6.784313917160034180e-01
6.156862974166870117e-01
-6.862745285034179688e-01
6.235294342041015625e-01
-6.941176652908325195e-01
6.156862974166870117e-01
-6.784313917160034180e-01
6.156862974166870117e-01
-6.862745285034179688e-01
6.078431606292724609e-01
-6.862745285034179688e-01
6.078431606292724609e-01
-6.862745285034179688e-01
6.156862974166870117e-01
-6.862745285034179688e-01
6.156862974166870117e-01
-6.941176652908325195e-01
6.156862974166870117e-01
-6.941176652908325195e-01
6.156862974166870117e-01
-6.862745285034179688e-01
6.078431606292724609e-01
-6.784313917160034180e-01
6.156862974166870117e-01
-6.784313917160034180e-01
6.156862974166870117e-01
-6.862745285034179688e-01
6.156862974166870117e-01
-6.862745285034179688e-01
6.156862974166870117e-01
-6.862745285034179688e-01
6.078431606292724609e-01
-6.784313917160034180e-01
6.156862974166870117e-01
-6.862745285034179688e-01
6.156862974166870117e-01
-6.784313917160034180e-01
6.078431606292724609e-01
-6.784313917160034180e-01
6.078431606292724609e-01
-6.862745285034179688e-01
6.156862974166870117e-01
-6.784313917160034180e-01
6.156862974166870117e-01
-6.862745285034179688e-01
6.078431606292724609e-01
-6.862745285034179688e-01
6.078431606292724609e-01
-6.862745285034179688e-01
6.078431606292724609e-01
-6.784313917160034180e-01
6.078431606292724609e-01
-6.784313917160034180e-01
6.156862974166870117e-01
-6.941176652908325195e-01
6.156862974166870117e-01
-6.862745285034179688e-01
6.156862974166870117e-01
-6.784313917160034180e-01
6.156862974166870117e-01
-6.862745285034179688e-01
6.078431606292724609e-01
-6.784313917160034180e-01
6.078431606292724609e-01
-6.784313917160034180e-01
6.156862974166870117e-01
-6.862745285034179688e-01
6.156862974166870117e-01
-6.862745285034179688e-01
6.078431606292724609e-01
-6.784313917160034180e-01
6.156862974166870117e-01
-6.862745285034179688e-01
6.156862974166870117e-01
-6.784313917160034180e-01
6.078431606292724609e-01
-6.784313917160034180e-01
6.156862974166870117e-01
-6.784313917160034180e-01
6.156862974166870117e-01
-6.862745285034179688e-01
6.078431606292724609e-01
-6.862745285034179688e-01
6.156862974166870117e-01
-6.941176652908325195e-01
6.235294342041015625e-01
-6.862745285034179688e-01
6.156862974166870117e-01
-6.784313917160034180e-01
6.078431606292724609e-01
-6.862745285034179688e-01
6.078431606292724609e-01
-6.862745285034179688e-01
6.235294342041015625e-01
-6.941176652908325195e-01
6.235294342041015625e-01
-6.862745285034179688e-01
6.078431606292724609e-01
-6.862745285034179688e-01
6.156862974166870117e-01
-6.784313917160034180e-01
6.156862974166870117e-01
-6.862745285034179688e-01
6.156862974166870117e-01
-6.862745285034179688e-01
6.156862974166870117e-01
-6.784313917160034180e-01
6.156862974166870117e-01
-6.862745285034179688e-01
6.235294342041015625e-01
-6.941176652908325195e-01
6.156862974166870117e-01
-6.784313917160034180e-01
6.156862974166870117e-01
-6.862745285034179688e-01
6.156862974166870117e-01
-6.862745285034179688e-01
6.078431606292724609e-01
-6.862745285034179688e-01
6.078431606292724609e-01
-6.862745285034179688e-01
6.156862974166870117e-01
-6.941176652908325195e-01
6.156862974166870117e-01
-6.941176652908325195e-01
6.156862974166870117e-01
-6.862745285034179688e-01
6.078431606292724609e-01
-6.784313917160034180e-01
6.156862974166870117e-01
-6.784313917160034180e-01
6.156862974166870117e-01
-6.862745285034179688e-01
6.156862974166870117e-01
-6.862745285034179688e-01
6.156862974166870117e-01
-6.784313917160034180e-01
6.156862974166870117e-01
-6.862745285034179688e-01
6.156862974166870117e-01
-6.862745285034179688e-01
6.156862974166870117e-01
-6.784313917160034180e-01
6.078431606292724609e-01
-6.784313917160034180e-01
6.078431606292724609e-01
-6.862745285034179688e-01
6.156862974166870117e-01
-6.784313917160034180e-01
6.156862974166870117e-01
-6.862745285034179688e-01
6.156862974166870117e-01
-6.941176652908325195e-01
6.078431606292724609e-01
-6.862745285034179688e-01
6.156862974166870117e-01
-6.784313917160034180e-01
6.156862974166870117e-01
-6.784313917160034180e-01
