-1.000000000000000000e+00
-2.941176593303680420e-01
1.000000000000000000e+00
8.352941274642944336e-01
-5.764706134796142578e-01
-1.000000000000000000e+00
-2.470588237047195435e-01
7.411764860153198242e-01
8.588235378265380859e-01
-2.705882489681243896e-01
-1.000000000000000000e+00
-5.137255191802978516e-01
1.000000000000000000e+00
9.529411792755126953e-01
-5.607843399047851562e-01
-1.000000000000000000e+00
-1.843137294054031372e-01
9.215686321258544922e-01
6.784313917160034180e-01
-3.333333432674407959e-01
-1.000000000000000000e+00
-4.352941215038299561e-01
7.882353067398071289e-01
9.686274528503417969e-01
-3.568627536296844482e-01
-1.000000000000000000e+00
-2.941176593303680420e-01
1.000000000000000000e+00
8.352941274642944336e-01
-5.764706134796142578e-01
-1.000000000000000000e+00
-2.470588237047195435e-01
7.411764860153198242e-01
8.509804010391235352e-01
-2.705882489681243896e-01
-1.000000000000000000e+00
-5.137255191802978516e-01
1.000000000000000000e+00
9.529411792755126953e-01
-5.607843399047851562e-01
-1.000000000000000000e+00
-1.843137294054031372e-01
9.294117689132690430e-01
6.862745285034179688e-01
-3.333333432674407959e-01
-1.000000000000000000e+00
-4.352941215038299561e-01
7.882353067398071289e-01
9.686274528503417969e-01
-3.568627536296844482e-01
-1.000000000000000000e+00
-2.941176593303680420e-01
1.000000000000000000e+00
8.431372642517089844e-01
-5.764706134796142578e-01
-1.000000000000000000e+00
-2.470588237047195435e-01
7.411764860153198242e-01
8.509804010391235352e-01
-2.705882489681243896e-01
-1.000000000000000000e+00
-4.980392158031463623e-01
1.000000000000000000e+00
9.450980424880981445e-01
-5.607843399047851562e-01
-1.000000000000000000e+00
-1.843137294054031372e-01
9.294117689132690430e-01
6.784313917160034180e-01
-3.333333432674407959e-01
-1.000000000000000000e+00
-4.352941215038299561e-01
7.882353067398071289e-01
9.764705896377563477e-01
-3.490196168422698975e-01
-1.000000000000000000e+00
-3.019607961177825928e-01
1.000000000000000000e+00
8.352941274642944336e-01
-5.764706134796142578e-01
-1.000000000000000000e+00
-2.549019753932952881e-01
7.411764860153198242e-01
8.509804010391235352e-01
-2.705882489681243896e-01
-1.000000000000000000e+00
-5.137255191802978516e-01
1.000000000000000000e+00
9.529411792755126953e-01
-5.529412031173706055e-01
-1.000000000000000000e+00
-1.843137294054031372e-01
9.294117689132690430e-01
6.784313917160034180e-01
-3.333333432674407959e-01
-1.000000000000000000e+00
-4.352941215038299561e-01
7.882353067398071289e-01
9.686274528503417969e-01
-3.568627536296844482e-01
-1.000000000000000000e+00
-2.941176593303680420e-01
1.000000000000000000e+00
8.431372642517089844e-01
-5.764706134796142578e-01
-1.000000000000000000e+00
-2.549019753932952881e-01
7.411764860153198242e-01
8.588235378265380859e-01
-2.705882489681243896e-01
-1.000000000000000000e+00
-5.137255191802978516e-01
1.000000000000000000e+00
9.529411792755126953e-01
-5.607843399047851562e-01
-1.000000000000000000e+00
-1.843137294054031372e-01
9.294117689132690430e-01
6.784313917160034180e-01
-3.333333432674407959e-01
-1.000000000000000000e+00
-4.352941215038299561e-01
7.882353067398071289e-01
9.686274528503417969e-01
-3.568627536296844482e-01
-1.000000000000000000e+00
-2.941176593303680420e-01
1.000000000000000000e+00
8.431372642517089844e-01
-5.764706134796142578e-01
-1.000000000000000000e+00
-2.470588237047195435e-01
7.411764860153198242e-01
8.588235378265380859e-01
-2.705882489681243896e-01
-1.000000000000000000e+00
-5.137255191802978516e-01
1.000000000000000000e+00
9.529411792755126953e-01
-5.529412031173706055e-01
-1.000000000000000000e+00
-1.843137294054031372e-01
9.294117689132690430e-01
6.784313917160034180e-01
-3.333333432674407959e-01
-1.000000000000000000e+00
-4.352941215038299561e-01
7.803921699523925781e-01
9.686274528503417969e-01
-3.411764800548553467e-01
-1.000000000000000000e+00
-3.019607961177825928e-01
1.000000000000000000e+00
8.431372642517089844e-01
-5.764706134796142578e-01
-1.000000000000000000e+00
-2.549019753932952881e-01
7.411764860153198242e-01
8.588235378265380859e-01
-2.705882489681243896e-01
-1.000000000000000000e+00
-5.137255191802978516e-01
1.000000000000000000e+00
9.450980424880981445e-01
-5.607843399047851562e-01
-1.000000000000000000e+00
-1.921568661928176880e-01
9.215686321258544922e-01
6.784313917160034180e-01
-3.333333432674407959e-01
-1.000000000000000000e+00
-4.431372582912445068e-01
7.803921699523925781e-01
9.686274528503417969e-01
-3.490196168422698975e-01
-1.000000000000000000e+00
-3.019607961177825928e-01
1.000000000000000000e+00
8.431372642517089844e-01
-5.686274766921997070e-01
-1.000000000000000000e+00
-2.549019753932952881e-01
7.411764860153198242e-01
8.588235378265380859e-01
-2.705882489681243896e-01
-1.000000000000000000e+00
-5.137255191802978516e-01
9.921568632125854492e-01
9.450980424880981445e-01
-5.607843399047851562e-01
-1.000000000000000000e+00
-1.843137294054031372e-01
9.215686321258544922e-01
6.705882549285888672e-01
-3.333333432674407959e-01
-1.000000000000000000e+00
-4.352941215038299561e-01
7.882353067398071289e-01
9.764705896377563477e-01
-3.568627536296844482e-01
-1.000000000000000000e+00
-3.019607961177825928e-01
1.000000000000000000e+00
8.431372642517089844e-01
-5.764706134796142578e-01
-1.000000000000000000e+00
-2.549019753932952881e-01
7.411764860153198242e-01
8.588235378265380859e-01
-2.705882489681243896e-01
-1.000000000000000000e+00
-5.137255191802978516e-01
1.000000000000000000e+00
9.529411792755126953e-01
-5.529412031173706055e-01
-1.000000000000000000e+00
-1.843137294054031372e-01
9.294117689132690430e-01
6.784313917160034180e-01
-3.333333432674407959e-01
-1.000000000000000000e+00
-4.352941215038299561e-01
7.882353067398071289e-01
9.764705896377563477e-01
-3.568627536296844482e-01
-1.000000000000000000e+00
-3.019607961177825928e-01
1.000000000000000000e+00
8.431372642517089844e-01
-5.686274766921997070e-01
-1.000000000000000000e+00
-2.549019753932952881e-01
7.411764860153198242e-01
8.588235378265380859e-01
-2.705882489681243896e-01
-1.000000000000000000e+00
-4.980392158031463623e-01
1.000000000000000000e+00
9.372549057006835938e-01
-5.607843399047851562e-01
-1.000000000000000000e+00
-1.921568661928176880e-01
9.215686321258544922e-01
6.862745285034179688e-01
-3.254902064800262451e-01
-1.000000000000000000e+00
-4.352941215038299561e-01
7.882353067398071289e-01
9.764705896377563477e-01
-3.490196168422698975e-01
-1.000000000000000000e+00
-3.019607961177825928e-01
1.000000000000000000e+00
8.352941274642944336e-01
-5.764706134796142578e-01
-1.000000000000000000e+00
-2.549019753932952881e-01
7.411764860153198242e-01
8.509804010391235352e-01
-2.705882489681243896e-01
-1.000000000000000000e+00
-5.137255191802978516e-01
1.000000000000000000e+00
9.529411792755126953e-01
-5.529412031173706055e-01
-1.000000000000000000e+00
-1.843137294054031372e-01
9.215686321258544922e-01
6.784313917160034180e-01
-3.333333432674407959e-01
-1.000000000000000000e+00
-4.352941215038299561e-01
7.882353067398071289e-01
9.686274528503417969e-01
-3.568627536296844482e-01
-1.000000000000000000e+00
-3.019607961177825928e-01
1.000000000000000000e+00
8.431372642517089844e-01
-5.764706134796142578e-01
-1.000000000000000000e+00
-2.549019753932952881e-01
7.411764860153198242e-01
8.666666746139526367e-01
-2.627451121807098389e-01
-1.000000000000000000e+00
-5.137255191802978516e-01
1.000000000000000000e+00
9.529411792755126953e-01
-5.529412031173706055e-01
-1.000000000000000000e+00
-1.921568661928176880e-01
9.215686321258544922e-01
6.784313917160034180e-01
-3.333333432674407959e-01
-1.000000000000000000e+00
-4.352941215038299561e-01
7.882353067398071289e-01
9.686274528503417969e-01
-3.490196168422698975e-01
-1.000000000000000000e+00
-3.019607961177825928e-01
1.000000000000000000e+00
8.431372642517089844e-01
-5.764706134796142578e-01
-1.000000000000000000e+00
-2.470588237047195435e-01
7.490196228027343750e-01
8.588235378265380859e-01
-2.705882489681243896e-01
-1.000000000000000000e+00
-5.137255191802978516e-01
1.000000000000000000e+00
9.529411792755126953e-01
-5.529412031173706055e-01
-1.000000000000000000e+00
-1.843137294054031372e-01
9.294117689132690430e-01
6.784313917160034180e-01
-3.333333432674407959e-01
-1.000000000000000000e+00
-4.352941215038299561e-01
7.803921699523925781e-01
9.921568632125854492e-01
-3.568627536296844482e-01
-1.000000000000000000e+00
-3.019607961177825928e-01
1.000000000000000000e+00
8.431372642517089844e-01
-5.764706134796142578e-01
-1.000000000000000000e+00
-2.470588237047195435e-01
7.411764860153198242e-01
8.588235378265380859e-01
-2.705882489681243896e-01
-1.000000000000000000e+00
-5.137255191802978516e-01
1.000000000000000000e+00
9.529411792755126953e-01
-5.607843399047851562e-01
-1.000000000000000000e+00
-1.921568661928176880e-01
9.294117689132690430e-01
6.784313917160034180e-01
-3.333333432674407959e-01
-1.000000000000000000e+00
-4.431372582912445068e-01
7.882353067398071289e-01
9.764705896377563477e-01
-3.490196168422698975e-01
-1.000000000000000000e+00
-2.941176593303680420e-01
1.000000000000000000e+00
8.431372642517089844e-01
-5.764706134796142578e-01
-1.000000000000000000e+00
-2.549019753932952881e-01
7.411764860153198242e-01
8.588235378265380859e-01
-2.627451121807098389e-01
-1.000000000000000000e+00
-5.137255191802978516e-01
1.000000000000000000e+00
9.529411792755126953e-01
-5.529412031173706055e-01
-1.000000000000000000e+00
-1.921568661928176880e-01
9.294117689132690430e-01
6.862745285034179688e-01
-3.254902064800262451e-01
-1.000000000000000000e+00
-4.431372582912445068e-01
7.882353067398071289e-01
9.764705896377563477e-01
-3.490196168422698975e-01
-1.000000000000000000e+00
-3.019607961177825928e-01
1.000000000000000000e+00
8.431372642517089844e-01
-5.764706134796142578e-01
-1.000000000000000000e+00
-2.549019753932952881e-01
7.490196228027343750e-01
8.588235378265380859e-01
-2.627451121807098389e-01
-1.000000000000000000e+00
-5.137255191802978516e-01
1.000000000000000000e+00
9.607843160629272461e-01
-5.529412031173706055e-01
-1.000000000000000000e+00
-1.843137294054031372e-01
9.294117689132690430e-01
6.862745285034179688e-01
-3.254902064800262451e-01
-1.000000000000000000e+00
-4.431372582912445068e-01
7.803921699523925781e-01
9.764705896377563477e-01
-3.490196168422698975e-01
-1.000000000000000000e+00
-3.019607961177825928e-01
1.000000000000000000e+00
8.431372642517089844e-01
-5.686274766921997070e-01
-1.000000000000000000e+00
-2.549019753932952881e-01
7.411764860153198242e-01
8.588235378265380859e-01
-2.705882489681243896e-01
-1.000000000000000000e+00
-4.980392158031463623e-01
1.000000000000000000e+00
9.450980424880981445e-01
-5.529412031173706055e-01
-1.000000000000000000e+00
-1.921568661928176880e-01
9.294117689132690430e-01
6.862745285034179688e-01
-3.254902064800262451e-01
-1.000000000000000000e+00
-4.431372582912445068e-01
7.882353067398071289e-01
9.764705896377563477e-01
-3.490196168422698975e-01
-1.000000000000000000e+00
-3.019607961177825928e-01
1.000000000000000000e+00
8.352941274642944336e-01
-5.686274766921997070e-01
-1.000000000000000000e+00
-2.627451121807098389e-01
7.411764860153198242e-01
8.588235378265380859e-01
-2.705882489681243896e-01
-1.000000000000000000e+00
-5.137255191802978516e-01
1.000000000000000000e+00
9.607843160629272461e-01
-5.529412031173706055e-01
-1.000000000000000000e+00
-1.921568661928176880e-01
9.215686321258544922e-01
6.784313917160034180e-01
-3.254902064800262451e-01
-1.000000000000000000e+00
-4.352941215038299561e-01
7.882353067398071289e-01
9.686274528503417969e-01
-3.568627536296844482e-01
-1.000000000000000000e+00
-3.019607961177825928e-01
1.000000000000000000e+00
8.431372642517089844e-01
-5.764706134796142578e-01
-1.000000000000000000e+00
-2.549019753932952881e-01
7.411764860153198242e-01
8.666666746139526367e-01
-2.627451121807098389e-01
-1.000000000000000000e+00
-5.137255191802978516e-01
1.000000000000000000e+00
9.529411792755126953e-01
-5.529412031173706055e-01
-1.000000000000000000e+00
-1.921568661928176880e-01
9.294117689132690430e-01
6.784313917160034180e-01
-3.254902064800262451e-01
-1.000000000000000000e+00
-4.431372582912445068e-01
7.882353067398071289e-01
9.764705896377563477e-01
-3.490196168422698975e-01
-1.000000000000000000e+00
-3.019607961177825928e-01
1.000000000000000000e+00
8.431372642517089844e-01
-5.764706134796142578e-01
-1.000000000000000000e+00
-2.549019753932952881e-01
7.411764860153198242e-01
8.588235378265380859e-01
-2.705882489681243896e-01
-1.000000000000000000e+00
-5.137255191802978516e-01
1.000000000000000000e+00
9.607843160629272461e-01
-5.529412031173706055e-01
-1.000000000000000000e+00
-1.843137294054031372e-01
9.294117689132690430e-01
6.862745285034179688e-01
-3.254902064800262451e-01
-1.000000000000000000e+00
-4.431372582912445068e-01
7.803921699523925781e-01
9.764705896377563477e-01
-3.490196168422698975e-01
-1.000000000000000000e+00
-3.019607961177825928e-01
1.000000000000000000e+00
8.352941274642944336e-01
-5.764706134796142578e-01
-1.000000000000000000e+00
-2.549019753932952881e-01
7.411764860153198242e-01
8.588235378265380859e-01
-2.627451121807098389e-01
-1.000000000000000000e+00
-5.137255191802978516e-01
1.000000000000000000e+00
9.607843160629272461e-01
-5.529412031173706055e-01
-1.000000000000000000e+00
-1.921568661928176880e-01
9.294117689132690430e-01
6.784313917160034180e-01
-3.333333432674407959e-01
-1.000000000000000000e+00
-4.509803950786590576e-01
7.803921699523925781e-01
9.686274528503417969e-01
-3.490196168422698975e-01
-1.000000000000000000e+00
-3.098039329051971436e-01
1.000000000000000000e+00
8.431372642517089844e-01
-5.686274766921997070e-01
-1.000000000000000000e+00
-2.549019753932952881e-01
7.411764860153198242e-01
8.588235378265380859e-01
-2.627451121807098389e-01
-1.000000000000000000e+00
-5.058823823928833008e-01
1.000000000000000000e+00
9.529411792755126953e-01
-5.607843399047851562e-01
-1.000000000000000000e+00
-1.921568661928176880e-01
9.294117689132690430e-01
6.862745285034179688e-01
-3.254902064800262451e-01
-1.000000000000000000e+00
-4.431372582912445068e-01
7.882353067398071289e-01
9.843137264251708984e-01
-3.490196168422698975e-01
-1.000000000000000000e+00
-3.019607961177825928e-01
1.000000000000000000e+00
8.431372642517089844e-01
-5.686274766921997070e-01
-1.000000000000000000e+00
-2.627451121807098389e-01
7.411764860153198242e-01
8.588235378265380859e-01
-2.627451121807098389e-01
-1.000000000000000000e+00
-5.137255191802978516e-01
1.000000000000000000e+00
9.529411792755126953e-01
-5.529412031173706055e-01
-1.000000000000000000e+00
-1.921568661928176880e-01
9.294117689132690430e-01
6.862745285034179688e-01
-3.254902064800262451e-01
-1.000000000000000000e+00
-4.352941215038299561e-01
7.882353067398071289e-01
9.764705896377563477e-01
-3.490196168422698975e-01
-1.000000000000000000e+00
-3.098039329051971436e-01
1.000000000000000000e+00
8.431372642517089844e-01
-5.764706134796142578e-01
-1.000000000000000000e+00
-2.627451121807098389e-01
7.333333492279052734e-01
8.588235378265380859e-01
-2.627451121807098389e-01
-1.000000000000000000e+00
-5.137255191802978516e-01
1.000000000000000000e+00
9.607843160629272461e-01
-5.529412031173706055e-01
-1.000000000000000000e+00
-1.921568661928176880e-01
9.294117689132690430e-01
6.941176652908325195e-01
-3.176470696926116943e-01
-1.000000000000000000e+00
-4.509803950786590576e-01
7.882353067398071289e-01
9.764705896377563477e-01
-3.490196168422698975e-01
-1.000000000000000000e+00
-3.019607961177825928e-01
1.000000000000000000e+00
8.431372642517089844e-01
-5.686274766921997070e-01
-1.000000000000000000e+00
-2.627451121807098389e-01
7.411764860153198242e-01
8.588235378265380859e-01
-2.705882489681243896e-01
-1.000000000000000000e+00
-5.215686559677124023e-01
1.000000000000000000e+00
9.529411792755126953e-01
-5.607843399047851562e-01
-1.000000000000000000e+00
-1.921568661928176880e-01
9.215686321258544922e-01
6.862745285034179688e-01
-3.254902064800262451e-01
-1.000000000000000000e+00
-4.431372582912445068e-01
7.882353067398071289e-01
9.764705896377563477e-01
-3.568627536296844482e-01
-1.000000000000000000e+00
-3.019607961177825928e-01
1.000000000000000000e+00
8.431372642517089844e-01
-5.686274766921997070e-01
-1.000000000000000000e+00
-2.627451121807098389e-01
7.411764860153198242e-01
8.588235378265380859e-01
-2.627451121807098389e-01
-1.000000000000000000e+00
-5.215686559677124023e-01
1.000000000000000000e+00
9.529411792755126953e-01
-5.529412031173706055e-01
-1.000000000000000000e+00
-1.843137294054031372e-01
9.294117689132690430e-01
6.862745285034179688e-01
-3.254902064800262451e-01
-1.000000000000000000e+00
-4.431372582912445068e-01
7.882353067398071289e-01
9.764705896377563477e-01
-3.490196168422698975e-01
-1.000000000000000000e+00
-3.019607961177825928e-01
1.000000000000000000e+00
8.431372642517089844e-01
-5.686274766921997070e-01
-1.000000000000000000e+00
-2.627451121807098389e-01
7.411764860153198242e-01
8.666666746139526367e-01
-2.627451121807098389e-01
-1.000000000000000000e+00
-5.137255191802978516e-01
1.000000000000000000e+00
9.607843160629272461e-01
-5.529412031173706055e-01
-1.000000000000000000e+00
-1.921568661928176880e-01
9.215686321258544922e-01
6.862745285034179688e-01
-3.254902064800262451e-01
-1.000000000000000000e+00
-4.431372582912445068e-01
7.882353067398071289e-01
9.764705896377563477e-01
-3.490196168422698975e-01
-1.000000000000000000e+00
-3.019607961177825928e-01
1.000000000000000000e+00
8.431372642517089844e-01
-5.686274766921997070e-01
-1.000000000000000000e+00
-2.549019753932952881e-01
7.411764860153198242e-01
8.588235378265380859e-01
-2.627451121807098389e-01
-1.000000000000000000e+00
-5.137255191802978516e-01
9.921568632125854492e-01
9.529411792755126953e-01
-5.450980663299560547e-01
-1.000000000000000000e+00
-1.921568661928176880e-01
9.294117689132690430e-01
6.862745285034179688e-01
-3.254902064800262451e-01
-1.000000000000000000e+00
-4.431372582912445068e-01
7.882353067398071289e-01
9.764705896377563477e-01
-3.490196168422698975e-01
-1.000000000000000000e+00
-3.019607961177825928e-01
1.000000000000000000e+00
8.431372642517089844e-01
-5.686274766921997070e-01
-1.000000000000000000e+00
-2.627451121807098389e-01
7.333333492279052734e-01
8.588235378265380859e-01
-2.627451121807098389e-01
-1.000000000000000000e+00
-5.215686559677124023e-01
1.000000000000000000e+00
9.529411792755126953e-01
-5.529412031173706055e-01
-1.000000000000000000e+00
-2.000000029802322388e-01
9.215686321258544922e-01
6.862745285034179688e-01
-3.254902064800262451e-01
-1.000000000000000000e+00
-4.431372582912445068e-01
7.803921699523925781e-01
9.764705896377563477e-01
-3.490196168422698975e-01
-1.000000000000000000e+00
-3.019607961177825928e-01
1.000000000000000000e+00
8.431372642517089844e-01
-5.686274766921997070e-01
-1.000000000000000000e+00
-2.627451121807098389e-01
7.411764860153198242e-01
8.666666746139526367e-01
-2.627451121807098389e-01
-1.000000000000000000e+00
-5.215686559677124023e-01
1.000000000000000000e+00
9.607843160629272461e-01
-5.529412031173706055e-01
-1.000000000000000000e+00
-1.921568661928176880e-01
9.215686321258544922e-01
6.862745285034179688e-01
-3.176470696926116943e-01
-1.000000000000000000e+00
-4.431372582912445068e-01
7.803921699523925781e-01
9.764705896377563477e-01
-3.490196168422698975e-01
-1.000000000000000000e+00
-3.019607961177825928e-01
1.000000000000000000e+00
8.431372642517089844e-01
-5.686274766921997070e-01
-1.000000000000000000e+00
-2.549019753932952881e-01
7.411764860153198242e-01
8.588235378265380859e-01
-2.627451121807098389e-01
-1.000000000000000000e+00
-5.137255191802978516e-01
1.000000000000000000e+00
9.607843160629272461e-01
-5.607843399047851562e-01
-1.000000000000000000e+00
-1.921568661928176880e-01
9.294117689132690430e-01
6.862745285034179688e-01
-3.254902064800262451e-01
-1.000000000000000000e+00
-4.431372582912445068e-01
7.803921699523925781e-01
9.764705896377563477e-01
-3.411764800548553467e-01
-1.000000000000000000e+00
-3.019607961177825928e-01
1.000000000000000000e+00
8.352941274642944336e-01
-5.686274766921997070e-01
-1.000000000000000000e+00
-2.627451121807098389e-01
7.333333492279052734e-01
8.588235378265380859e-01
-2.627451121807098389e-01
-1.000000000000000000e+00
-5.215686559677124023e-01
1.000000000000000000e+00
9.529411792755126953e-01
-5.529412031173706055e-01
-1.000000000000000000e+00
-1.921568661928176880e-01
9.215686321258544922e-01
6.862745285034179688e-01
-3.333333432674407959e-01
-1.000000000000000000e+00
-4.509803950786590576e-01
7.803921699523925781e-01
9.764705896377563477e-01
-3.490196168422698975e-01
-1.000000000000000000e+00
-3.098039329051971436e-01
1.000000000000000000e+00
8.431372642517089844e-01
-5.686274766921997070e-01
-1.000000000000000000e+00
-2.705882489681243896e-01
7.333333492279052734e-01
8.588235378265380859e-01
-2.627451121807098389e-01
-1.000000000000000000e+00
-5.215686559677124023e-01
1.000000000000000000e+00
9.529411792755126953e-01
-5.607843399047851562e-01
-1.000000000000000000e+00
-1.921568661928176880e-01
9.215686321258544922e-01
6.862745285034179688e-01
-3.254902064800262451e-01
-1.000000000000000000e+00
-4.509803950786590576e-01
7.803921699523925781e-01
9.764705896377563477e-01
-3.411764800548553467e-01
-1.000000000000000000e+00
-3.098039329051971436e-01
1.000000000000000000e+00
8.431372642517089844e-01
-5.686274766921997070e-01
-1.000000000000000000e+00
-2.627451121807098389e-01
7.411764860153198242e-01
8.588235378265380859e-01
-2.627451121807098389e-01
-1.000000000000000000e+00
-5.137255191802978516e-01
1.000000000000000000e+00
9.529411792755126953e-01
-5.529412031173706055e-01
-1.000000000000000000e+00
-1.921568661928176880e-01
9.294117689132690430e-01
6.862745285034179688e-01
-3.254902064800262451e-01
-1.000000000000000000e+00
-4.431372582912445068e-01
7.803921699523925781e-01
9.843137264251708984e-01
-3.490196168422698975e-01
-1.000000000000000000e+00
-3.098039329051971436e-01
1.000000000000000000e+00
8.431372642517089844e-01
-5.607843399047851562e-01
-1.000000000000000000e+00
-2.627451121807098389e-01
7.411764860153198242e-01
8.588235378265380859e-01
-2.627451121807098389e-01
-1.000000000000000000e+00
-5.215686559677124023e-01
1.000000000000000000e+00
9.607843160629272461e-01
-5.529412031173706055e-01
-1.000000000000000000e+00
-1.921568661928176880e-01
9.215686321258544922e-01
6.862745285034179688e-01
-3.176470696926116943e-01
-1.000000000000000000e+00
-4.509803950786590576e-01
7.803921699523925781e-01
9.843137264251708984e-01
-3.411764800548553467e-01
-1.000000000000000000e+00
-3.019607961177825928e-01
1.000000000000000000e+00
8.431372642517089844e-01
-5.686274766921997070e-01
-1.000000000000000000e+00
-2.627451121807098389e-01
7.411764860153198242e-01
8.588235378265380859e-01
-2.627451121807098389e-01
-1.000000000000000000e+00
-5.215686559677124023e-01
1.000000000000000000e+00
9.529411792755126953e-01
-5.529412031173706055e-01
-1.000000000000000000e+00
-1.921568661928176880e-01
9.294117689132690430e-01
6.862745285034179688e-01
-3.176470696926116943e-01
-1.000000000000000000e+00
-4.509803950786590576e-01
7.803921699523925781e-01
9.843137264251708984e-01
-3.490196168422698975e-01
-1.000000000000000000e+00
-3.019607961177825928e-01
1.000000000000000000e+00
8.431372642517089844e-01
-5.686274766921997070e-01
-1.000000000000000000e+00
-2.627451121807098389e-01
7.411764860153198242e-01
8.588235378265380859e-01
-2.705882489681243896e-01
-1.000000000000000000e+00
-5.137255191802978516e-01
1.000000000000000000e+00
9.607843160629272461e-01
-5.529412031173706055e-01
-1.000000000000000000e+00
-1.921568661928176880e-01
9.294117689132690430e-01
6.862745285034179688e-01
-3.176470696926116943e-01
-1.000000000000000000e+00
-4.509803950786590576e-01
7.803921699523925781e-01
9.843137264251708984e-01
-3.411764800548553467e-01
-1.000000000000000000e+00
-3.019607961177825928e-01
1.000000000000000000e+00
8.431372642517089844e-01
-5.686274766921997070e-01
-1.000000000000000000e+00
-2.627451121807098389e-01
7.411764860153198242e-01
8.666666746139526367e-01
-2.627451121807098389e-01
-1.000000000000000000e+00
-5.137255191802978516e-01
1.000000000000000000e+00
9.607843160629272461e-01
-5.529412031173706055e-01
-1.000000000000000000e+00
-1.921568661928176880e-01
9.215686321258544922e-01
6.862745285034179688e-01
-3.176470696926116943e-01
-1.000000000000000000e+00
-4.431372582912445068e-01
7.803921699523925781e-01
9.843137264251708984e-01
-3.490196168422698975e-01
-1.000000000000000000e+00
-3.098039329051971436e-01
1.000000000000000000e+00
8.431372642517089844e-01
-5.686274766921997070e-01
-1.000000000000000000e+00
-2.627451121807098389e-01
7.333333492279052734e-01
8.588235378265380859e-01
-2.627451121807098389e-01
-1.000000000000000000e+00
-5.215686559677124023e-01
1.000000000000000000e+00
9.607843160629272461e-01
-5.529412031173706055e-01
-1.000000000000000000e+00
-1.921568661928176880e-01
9.215686321258544922e-01
6.862745285034179688e-01
-3.254902064800262451e-01
-1.000000000000000000e+00
-4.509803950786590576e-01
7.803921699523925781e-01
9.764705896377563477e-01
-3.490196168422698975e-01
-1.000000000000000000e+00
-3.098039329051971436e-01
1.000000000000000000e+00
8.431372642517089844e-01
-5.686274766921997070e-01
-1.000000000000000000e+00
-2.627451121807098389e-01
7.411764860153198242e-01
8.666666746139526367e-01
-2.549019753932952881e-01
-1.000000000000000000e+00
-5.215686559677124023e-01
1.000000000000000000e+00
9.607843160629272461e-01
-5.529412031173706055e-01
-1.000000000000000000e+00
-1.921568661928176880e-01
9.215686321258544922e-01
6.784313917160034180e-01
-3.254902064800262451e-01
-1.000000000000000000e+00
-4.509803950786590576e-01
7.882353067398071289e-01
9.764705896377563477e-01
-3.490196168422698975e-01
-1.000000000000000000e+00
-3.098039329051971436e-01
1.000000000000000000e+00
8.509804010391235352e-01
-5.686274766921997070e-01
-1.000000000000000000e+00
-2.627451121807098389e-01
7.411764860153198242e-01
8.666666746139526367e-01
-2.627451121807098389e-01
-1.000000000000000000e+00
-5.215686559677124023e-01
1.000000000000000000e+00
9.607843160629272461e-01
-5.529412031173706055e-01
-1.000000000000000000e+00
-2.000000029802322388e-01
9.215686321258544922e-01
6.862745285034179688e-01
-3.176470696926116943e-01
-1.000000000000000000e+00
-4.509803950786590576e-01
7.803921699523925781e-01
9.843137264251708984e-01
-3.490196168422698975e-01
-1.000000000000000000e+00
-3.019607961177825928e-01
1.000000000000000000e+00
8.509804010391235352e-01
-5.686274766921997070e-01
-1.000000000000000000e+00
-2.627451121807098389e-01
7.411764860153198242e-01
8.666666746139526367e-01
-2.627451121807098389e-01
-1.000000000000000000e+00
-5.215686559677124023e-01
1.000000000000000000e+00
9.607843160629272461e-01
-5.529412031173706055e-01
-1.000000000000000000e+00
-1.921568661928176880e-01
9.215686321258544922e-01
6.862745285034179688e-01
-3.176470696926116943e-01
-1.000000000000000000e+00
-4.431372582912445068e-01
7.803921699523925781e-01
9.686274528503417969e-01
-3.490196168422698975e-01
-1.000000000000000000e+00
-3.098039329051971436e-01
1.000000000000000000e+00
8.509804010391235352e-01
-5.607843399047851562e-01
-1.000000000000000000e+00
-2.627451121807098389e-01
7.411764860153198242e-01
8.666666746139526367e-01
-2.627451121807098389e-01
-1.000000000000000000e+00
-5.215686559677124023e-01
1.000000000000000000e+00
9.607843160629272461e-01
-5.529412031173706055e-01
-1.000000000000000000e+00
-2.000000029802322388e-01
9.215686321258544922e-01
6.862745285034179688e-01
-3.254902064800262451e-01
-1.000000000000000000e+00
-4.509803950786590576e-01
7.803921699523925781e-01
9.843137264251708984e-01
-3.411764800548553467e-01
-1.000000000000000000e+00
-3.098039329051971436e-01
1.000000000000000000e+00
8.431372642517089844e-01
-5.686274766921997070e-01
-1.000000000000000000e+00
-2.627451121807098389e-01
7.411764860153198242e-01
8.588235378265380859e-01
-2.627451121807098389e-01
-1.000000000000000000e+00
-5.215686559677124023e-01
1.000000000000000000e+00
9.686274528503417969e-01
-5.529412031173706055e-01
-1.000000000000000000e+00
-1.921568661928176880e-01
9.294117689132690430e-01
6.941176652908325195e-01
-3.176470696926116943e-01
-1.000000000000000000e+00
-4.509803950786590576e-01
7.803921699523925781e-01
9.843137264251708984e-01
-3.411764800548553467e-01
-1.000000000000000000e+00
-3.098039329051971436e-01
1.000000000000000000e+00
8.431372642517089844e-01
-5.686274766921997070e-01
-1.000000000000000000e+00
-2.627451121807098389e-01
7.411764860153198242e-01
8.666666746139526367e-01
-2.627451121807098389e-01
-1.000000000000000000e+00
-5.137255191802978516e-01
1.000000000000000000e+00
9.607843160629272461e-01
-5.529412031173706055e-01
-1.000000000000000000e+00
-1.921568661928176880e-01
9.215686321258544922e-01
6.862745285034179688e-01
-3.176470696926116943e-01
-1.000000000000000000e+00
-4.509803950786590576e-01
7.803921699523925781e-01
9.843137264251708984e-01
-3.490196168422698975e-01
-1.000000000000000000e+00
-3.176470696926116943e-01
1.000000000000000000e+00
8.509804010391235352e-01
-5.607843399047851562e-01
-1.000000000000000000e+00
-2.627451121807098389e-01
7.333333492279052734e-01
8.666666746139526367e-01
-2.549019753932952881e-01
-1.000000000000000000e+00
-5.215686559677124023e-01
1.000000000000000000e+00
9.686274528503417969e-01
-5.450980663299560547e-01
-1.000000000000000000e+00
-2.000000029802322388e-01
9.294117689132690430e-01
6.862745285034179688e-01
-3.176470696926116943e-01
-1.000000000000000000e+00
-4.509803950786590576e-01
7.803921699523925781e-01
9.843137264251708984e-01
-3.411764800548553467e-01
-1.000000000000000000e+00
-3.098039329051971436e-01
1.000000000000000000e+00
8.431372642517089844e-01
-5.686274766921997070e-01
-1.000000000000000000e+00
-2.705882489681243896e-01
7.333333492279052734e-01
8.666666746139526367e-01
-2.627451121807098389e-01
-1.000000000000000000e+00
-5.215686559677124023e-01
1.000000000000000000e+00
9.607843160629272461e-01
-5.529412031173706055e-01
-1.000000000000000000e+00
-2.000000029802322388e-01
9.294117689132690430e-01
6.941176652908325195e-01
-3.254902064800262451e-01
-1.000000000000000000e+00
-4.509803950786590576e-01
7.882353067398071289e-01
9.843137264251708984e-01
-3.411764800548553467e-01
-1.000000000000000000e+00
-3.176470696926116943e-01
1.000000000000000000e+00
8.509804010391235352e-01
-5.607843399047851562e-01
-1.000000000000000000e+00
-2.705882489681243896e-01
7.333333492279052734e-01
8.666666746139526367e-01
-2.549019753932952881e-01
-1.000000000000000000e+00
-5.137255191802978516e-01
1.000000000000000000e+00
9.607843160629272461e-01
-5.450980663299560547e-01
-1.000000000000000000e+00
-1.921568661928176880e-01
9.294117689132690430e-01
6.941176652908325195e-01
-3.176470696926116943e-01
-1.000000000000000000e+00
-4.509803950786590576e-01
7.803921699523925781e-01
9.843137264251708984e-01
-3.411764800548553467e-01
-1.000000000000000000e+00
-3.098039329051971436e-01
1.000000000000000000e+00
8.509804010391235352e-01
-5.607843399047851562e-01
-1.000000000000000000e+00
-2.627451121807098389e-01
7.333333492279052734e-01
8.666666746139526367e-01
-2.549019753932952881e-01
-1.000000000000000000e+00
-5.215686559677124023e-01
1.000000000000000000e+00
9.607843160629272461e-01
-5.450980663299560547e-01
-1.000000000000000000e+00
-1.921568661928176880e-01
9.294117689132690430e-01
6.941176652908325195e-01
-3.254902064800262451e-01
-1.000000000000000000e+00
-4.509803950786590576e-01
7.803921699523925781e-01
9.843137264251708984e-01
-3.411764800548553467e-01
-1.000000000000000000e+00
-3.098039329051971436e-01
1.000000000000000000e+00
8.509804010391235352e-01
-5.607843399047851562e-01
-1.000000000000000000e+00
-2.627451121807098389e-01
7.333333492279052734e-01
8.588235378265380859e-01
-2.549019753932952881e-01
-1.000000000000000000e+00
-5.215686559677124023e-01
1.000000000000000000e+00
9.607843160629272461e-01
-5.450980663299560547e-01
-1.000000000000000000e+00
-1.921568661928176880e-01
9.215686321258544922e-01
6.941176652908325195e-01
-3.176470696926116943e-01
-1.000000000000000000e+00
-4.509803950786590576e-01
7.803921699523925781e-01
9.843137264251708984e-01
-3.490196168422698975e-01
-1.000000000000000000e+00
-3.098039329051971436e-01
1.000000000000000000e+00
8.431372642517089844e-01
-5.686274766921997070e-01
-1.000000000000000000e+00
-2.705882489681243896e-01
7.333333492279052734e-01
8.666666746139526367e-01
-2.549019753932952881e-01
-1.000000000000000000e+00
-5.215686559677124023e-01
1.000000000000000000e+00
9.607843160629272461e-01
-5.450980663299560547e-01
-1.000000000000000000e+00
-1.921568661928176880e-01
9.215686321258544922e-01
6.862745285034179688e-01
-3.176470696926116943e-01
-1.000000000000000000e+00
-4.509803950786590576e-01
7.803921699523925781e-01
9.843137264251708984e-01
-3.411764800548553467e-01
-1.000000000000000000e+00
-3.098039329051971436e-01
1.000000000000000000e+00
8.431372642517089844e-01
-5.607843399047851562e-01
-1.000000000000000000e+00
-2.705882489681243896e-01
7.333333492279052734e-01
8.666666746139526367e-01
-2.549019753932952881e-01
-1.000000000000000000e+00
-5.215686559677124023e-01
1.000000000000000000e+00
9.607843160629272461e-01
-5.450980663299560547e-01
-1.000000000000000000e+00
-2.000000029802322388e-01
9.215686321258544922e-01
6.862745285034179688e-01
-3.176470696926116943e-01
-1.000000000000000000e+00
-4.509803950786590576e-01
7.803921699523925781e-01
9.843137264251708984e-01
-3.411764800548553467e-01
-1.000000000000000000e+00
-3.098039329051971436e-01
1.000000000000000000e+00
8.509804010391235352e-01
-5.607843399047851562e-01
-1.000000000000000000e+00
-2.705882489681243896e-01
7.333333492279052734e-01
8.666666746139526367e-01
-2.549019753932952881e-01
-1.000000000000000000e+00
-5.294117927551269531e-01
1.000000000000000000e+00
9.607843160629272461e-01
-5.450980663299560547e-01
-1.000000000000000000e+00
-2.000000029802322388e-01
9.215686321258544922e-01
6.862745285034179688e-01
-3.176470696926116943e-01
-1.000000000000000000e+00
-4.509803950786590576e-01
7.803921699523925781e-01
9.921568632125854492e-01
-3.411764800548553467e-01
-1.000000000000000000e+00
-3.098039329051971436e-01
1.000000000000000000e+00
8.509804010391235352e-01
-5.607843399047851562e-01
-1.000000000000000000e+00
-2.627451121807098389e-01
7.411764860153198242e-01
8.666666746139526367e-01
-2.627451121807098389e-01
-1.000000000000000000e+00
-5.215686559677124023e-01
1.000000000000000000e+00
9.607843160629272461e-01
-5.450980663299560547e-01
-1.000000000000000000e+00
-2.000000029802322388e-01
9.137254953384399414e-01
6.941176652908325195e-01
-3.176470696926116943e-01
-1.000000000000000000e+00
-4.588235318660736084e-01
7.803921699523925781e-01
9.843137264251708984e-01
-3.411764800548553467e-01
-1.000000000000000000e+00
-3.098039329051971436e-01
1.000000000000000000e+00
8.509804010391235352e-01
-5.686274766921997070e-01
-1.000000000000000000e+00
-2.705882489681243896e-01
7.333333492279052734e-01
8.666666746139526367e-01
-2.549019753932952881e-01
-1.000000000000000000e+00
-5.294117927551269531e-01
9.921568632125854492e-01
9.607843160629272461e-01
-5.450980663299560547e-01
-1.000000000000000000e+00
-1.921568661928176880e-01
9.215686321258544922e-01
6.862745285034179688e-01
-3.176470696926116943e-01
-1.000000000000000000e+00
-4.509803950786590576e-01
7.803921699523925781e-01
9.843137264251708984e-01
-3.411764800548553467e-01
-1.000000000000000000e+00
-3.098039329051971436e-01
1.000000000000000000e+00
8.509804010391235352e-01
-5.686274766921997070e-01
-1.000000000000000000e+00
-2.705882489681243896e-01
7.333333492279052734e-01
8.666666746139526367e-01
-2.549019753932952881e-01
-1.000000000000000000e+00
-5.294117927551269531e-01
1.000000000000000000e+00
9.686274528503417969e-01
-5.450980663299560547e-01
-1.000000000000000000e+00
-2.000000029802322388e-01
9.215686321258544922e-01
6.941176652908325195e-01
-3.098039329051971436e-01
-1.000000000000000000e+00
-4.509803950786590576e-01
7.803921699523925781e-01
9.843137264251708984e-01
-3.411764800548553467e-01
-1.000000000000000000e+00
-3.098039329051971436e-01
1.000000000000000000e+00
8.431372642517089844e-01
-5.607843399047851562e-01
-1.000000000000000000e+00
-2.627451121807098389e-01
7.333333492279052734e-01
8.666666746139526367e-01
-2.549019753932952881e-01
-1.000000000000000000e+00
-5.215686559677124023e-01
1.000000000000000000e+00
9.607843160629272461e-01
-5.450980663299560547e-01
-1.000000000000000000e+00
-2.000000029802322388e-01
9.137254953384399414e-01
6.941176652908325195e-01
-3.098039329051971436e-01
-1.000000000000000000e+00
-4.509803950786590576e-01
7.803921699523925781e-01
9.843137264251708984e-01
-3.411764800548553467e-01
-1.000000000000000000e+00
-3.098039329051971436e-01
1.000000000000000000e+00
8.509804010391235352e-01
-5.607843399047851562e-01
-1.000000000000000000e+00
-2.705882489681243896e-01
7.333333492279052734e-01
8.666666746139526367e-01
-2.627451121807098389e-01
-1.000000000000000000e+00
-5.294117927551269531e-01
1.000000000000000000e+00
9.607843160629272461e-01
-5.450980663299560547e-01
-1.000000000000000000e+00
-2.000000029802322388e-01
9.215686321258544922e-01
6.941176652908325195e-01
-3.176470696926116943e-01
-1.000000000000000000e+00
-4.509803950786590576e-01
7.803921699523925781e-01
9.843137264251708984e-01
-3.411764800548553467e-01
-1.000000000000000000e+00
-3.098039329051971436e-01
1.000000000000000000e+00
8.431372642517089844e-01
-5.607843399047851562e-01
-1.000000000000000000e+00
-2.705882489681243896e-01
7.411764860153198242e-01
8.666666746139526367e-01
-2.549019753932952881e-01
-1.000000000000000000e+00
-5.215686559677124023e-01
1.000000000000000000e+00
9.686274528503417969e-01
-5.450980663299560547e-01
-1.000000000000000000e+00
-2.000000029802322388e-01
9.215686321258544922e-01
6.941176652908325195e-01
-3.098039329051971436e-01
-1.000000000000000000e+00
-4.588235318660736084e-01
7.803921699523925781e-01
9.843137264251708984e-01
-3.411764800548553467e-01
-1.000000000000000000e+00
-3.098039329051971436e-01
1.000000000000000000e+00
8.509804010391235352e-01
-5.607843399047851562e-01
-1.000000000000000000e+00
-2.627451121807098389e-01
7.333333492279052734e-01
8.666666746139526367e-01
-2.549019753932952881e-01
-1.000000000000000000e+00
-5.215686559677124023e-01
1.000000000000000000e+00
9.607843160629272461e-01
-5.450980663299560547e-01
-1.000000000000000000e+00
-2.000000029802322388e-01
9.215686321258544922e-01
6.862745285034179688e-01
-3.176470696926116943e-01
-1.000000000000000000e+00
-4.509803950786590576e-01
7.803921699523925781e-01
9.843137264251708984e-01
-3.411764800548553467e-01
-1.000000000000000000e+00
-3.098039329051971436e-01
1.000000000000000000e+00
8.509804010391235352e-01
-5.607843399047851562e-01
-1.000000000000000000e+00
-2.705882489681243896e-01
7.333333492279052734e-01
8.666666746139526367e-01
-2.549019753932952881e-01
-1.000000000000000000e+00
-5.294117927551269531e-01
1.000000000000000000e+00
9.607843160629272461e-01
-5.450980663299560547e-01
-1.000000000000000000e+00
-2.000000029802322388e-01
9.215686321258544922e-01
6.862745285034179688e-01
-3.176470696926116943e-01
-1.000000000000000000e+00
-4.588235318660736084e-01
7.803921699523925781e-01
9.843137264251708984e-01
-3.411764800548553467e-01
-1.000000000000000000e+00
-3.098039329051971436e-01
1.000000000000000000e+00
8.509804010391235352e-01
-5.607843399047851562e-01
-1.000000000000000000e+00
-2.784313857555389404e-01
7.333333492279052734e-01
8.666666746139526367e-01
-2.549019753932952881e-01
-1.000000000000000000e+00
-5.294117927551269531e-01
1.000000000000000000e+00
9.607843160629272461e-01
-5.450980663299560547e-01
-1.000000000000000000e+00
-2.000000029802322388e-01
9.215686321258544922e-01
6.862745285034179688e-01
-3.176470696926116943e-01
-1.000000000000000000e+00
-4.509803950786590576e-01
7.882353067398071289e-01
9.921568632125854492e-01
-3.490196168422698975e-01
-1.000000000000000000e+00
-3.098039329051971436e-01
1.000000000000000000e+00
8.509804010391235352e-01
-5.607843399047851562e-01
-1.000000000000000000e+00
-2.784313857555389404e-01
7.333333492279052734e-01
8.745098114013671875e-01
-2.470588237047195435e-01
-1.000000000000000000e+00
-5.294117927551269531e-01
9.921568632125854492e-01
9.607843160629272461e-01
-5.450980663299560547e-01
-1.000000000000000000e+00
-2.000000029802322388e-01
9.215686321258544922e-01
6.862745285034179688e-01
-3.176470696926116943e-01
-1.000000000000000000e+00
-4.588235318660736084e-01
7.803921699523925781e-01
9.843137264251708984e-01
-3.411764800548553467e-01
-1.000000000000000000e+00
-3.098039329051971436e-01
1.000000000000000000e+00
8.509804010391235352e-01
-5.607843399047851562e-01
-1.000000000000000000e+00
-2.705882489681243896e-01
7.333333492279052734e-01
8.666666746139526367e-01
-2.549019753932952881e-01
-1.000000000000000000e+00
-5.215686559677124023e-01
1.000000000000000000e+00
9.607843160629272461e-01
-5.450980663299560547e-01
-1.000000000000000000e+00
-2.000000029802322388e-01
9.215686321258544922e-01
6.941176652908325195e-01
-3.176470696926116943e-01
-1.000000000000000000e+00
-4.509803950786590576e-01
7.725490331649780273e-01
9.843137264251708984e-01
-3.411764800548553467e-01
-1.000000000000000000e+00
-3.176470696926116943e-01
1.000000000000000000e+00
8.588235378265380859e-01
-5.607843399047851562e-01
-1.000000000000000000e+00
-2.705882489681243896e-01
7.333333492279052734e-01
8.745098114013671875e-01
-2.549019753932952881e-01
-1.000000000000000000e+00
-5.294117927551269531e-01
9.921568632125854492e-01
9.607843160629272461e-01
-5.450980663299560547e-01
-1.000000000000000000e+00
-2.000000029802322388e-01
9.137254953384399414e-01
6.941176652908325195e-01
-3.176470696926116943e-01
-1.000000000000000000e+00
-4.588235318660736084e-01
7.803921699523925781e-01
9.843137264251708984e-01
-3.333333432674407959e-01
-1.000000000000000000e+00
-3.176470696926116943e-01
1.000000000000000000e+00
8.431372642517089844e-01
-5.607843399047851562e-01
-1.000000000000000000e+00
-2.705882489681243896e-01
7.333333492279052734e-01
8.666666746139526367e-01
-2.549019753932952881e-01
-1.000000000000000000e+00
-5.294117927551269531e-01
1.000000000000000000e+00
9.607843160629272461e-01
-5.450980663299560547e-01
-1.000000000000000000e+00
-2.000000029802322388e-01
9.215686321258544922e-01
6.941176652908325195e-01
-3.098039329051971436e-01
-1.000000000000000000e+00
-4.588235318660736084e-01
7.803921699523925781e-01
9.921568632125854492e-01
-3.411764800548553467e-01
-1.000000000000000000e+00
-3.098039329051971436e-01
1.000000000000000000e+00
8.509804010391235352e-01
-5.607843399047851562e-01
-1.000000000000000000e+00
-2.784313857555389404e-01
7.333333492279052734e-01
8.666666746139526367e-01
-2.549019753932952881e-01
-1.000000000000000000e+00
-5.215686559677124023e-01
1.000000000000000000e+00
9.607843160629272461e-01
-5.450980663299560547e-01
-1.000000000000000000e+00
-2.000000029802322388e-01
9.215686321258544922e-01
6.941176652908325195e-01
-3.176470696926116943e-01
-1.000000000000000000e+00
-4.588235318660736084e-01
7.803921699523925781e-01
9.921568632125854492e-01
-3.333333432674407959e-01
-1.000000000000000000e+00
-3.176470696926116943e-01
1.000000000000000000e+00
8.509804010391235352e-01
-5.529412031173706055e-01
-1.000000000000000000e+00
-2.705882489681243896e-01
7.333333492279052734e-01
8.745098114013671875e-01
-2.549019753932952881e-01
-1.000000000000000000e+00
-5.294117927551269531e-01
1.000000000000000000e+00
9.607843160629272461e-01
-5.529412031173706055e-01
-1.000000000000000000e+00
-2.000000029802322388e-01
9.215686321258544922e-01
6.941176652908325195e-01
-3.098039329051971436e-01
-1.000000000000000000e+00
-4.588235318660736084e-01
7.803921699523925781e-01
9.921568632125854492e-01
-3.333333432674407959e-01
-1.000000000000000000e+00
-3.176470696926116943e-01
1.000000000000000000e+00
8.509804010391235352e-01
-5.607843399047851562e-01
-1.000000000000000000e+00
-2.705882489681243896e-01
7.333333492279052734e-01
8.666666746139526367e-01
-2.549019753932952881e-01
-1.000000000000000000e+00
-5.215686559677124023e-01
9.921568632125854492e-01
9.607843160629272461e-01
-5.372549295425415039e-01
-1.000000000000000000e+00
-2.000000029802322388e-01
9.215686321258544922e-01
6.941176652908325195e-01
-3.176470696926116943e-01
-1.000000000000000000e+00
-4.588235318660736084e-01
7.803921699523925781e-01
9.921568632125854492e-01
-3.411764800548553467e-01
-1.000000000000000000e+00
-3.176470696926116943e-01
1.000000000000000000e+00
8.509804010391235352e-01
-5.529412031173706055e-01
-1.000000000000000000e+00
-2.784313857555389404e-01
7.333333492279052734e-01
8.745098114013671875e-01
-2.470588237047195435e-01
-1.000000000000000000e+00
-5.294117927551269531e-01
9.921568632125854492e-01
9.607843160629272461e-01
-5.372549295425415039e-01
-1.000000000000000000e+00
-2.000000029802322388e-01
9.215686321258544922e-01
6.941176652908325195e-01
-3.176470696926116943e-01
-1.000000000000000000e+00
-4.588235318660736084e-01
7.803921699523925781e-01
9.921568632125854492e-01
-3.411764800548553467e-01
-1.000000000000000000e+00
-3.176470696926116943e-01
1.000000000000000000e+00
8.509804010391235352e-01
-5.529412031173706055e-01
-1.000000000000000000e+00
-2.705882489681243896e-01
7.333333492279052734e-01
8.745098114013671875e-01
-2.470588237047195435e-01
-1.000000000000000000e+00
-5.294117927551269531e-01
1.000000000000000000e+00
9.686274528503417969e-01
-5.450980663299560547e-01
-1.000000000000000000e+00
-2.000000029802322388e-01
9.137254953384399414e-01
6.941176652908325195e-01
-3.098039329051971436e-01
-1.000000000000000000e+00
-4.588235318660736084e-01
7.803921699523925781e-01
9.921568632125854492e-01
-3.333333432674407959e-01
-1.000000000000000000e+00
-3.176470696926116943e-01
1.000000000000000000e+00
8.431372642517089844e-01
-5.450980663299560547e-01
-1.000000000000000000e+00
-2.862745225429534912e-01
7.333333492279052734e-01
8.745098114013671875e-01
-2.470588237047195435e-01
-1.000000000000000000e+00
-5.294117927551269531e-01
1.000000000000000000e+00
9.686274528503417969e-01
-5.372549295425415039e-01
-1.000000000000000000e+00
-2.000000029802322388e-01
9.137254953384399414e-01
6.941176652908325195e-01
-3.098039329051971436e-01
-1.000000000000000000e+00
-4.588235318660736084e-01
7.803921699523925781e-01
9.843137264251708984e-01
-3.411764800548553467e-01
-1.000000000000000000e+00
-3.176470696926116943e-01
1.000000000000000000e+00
8.509804010391235352e-01
-5.529412031173706055e-01
-1.000000000000000000e+00
-2.705882489681243896e-01
7.333333492279052734e-01
8.745098114013671875e-01
-2.470588237047195435e-01
-1.000000000000000000e+00
-5.372549295425415039e-01
2.470588237047195435e-01
4.901960790157318115e-01
2.392156869173049927e-01
-2.784313857555389404e-01
-5.137255191802978516e-01
-2.549019753932952881e-01
2.549019753932952881e-01
4.901960790157318115e-01
2.313725501298904419e-01
-2.784313857555389404e-01
-5.215686559677124023e-01
-2.470588237047195435e-01
2.392156869173049927e-01
4.901960790157318115e-01
2.235294133424758911e-01
-2.784313857555389404e-01
-5.215686559677124023e-01
-2.627451121807098389e-01
2.549019753932952881e-01
4.823529422283172607e-01
2.313725501298904419e-01
-2.862745225429534912e-01
-5.215686559677124023e-01
-2.549019753932952881e-01
2.470588237047195435e-01
4.901960790157318115e-01
2.235294133424758911e-01
-2.705882489681243896e-01
-5.215686559677124023e-01
-2.549019753932952881e-01
2.470588237047195435e-01
4.901960790157318115e-01
2.392156869173049927e-01
-2.705882489681243896e-01
-5.215686559677124023e-01
-2.549019753932952881e-01
2.549019753932952881e-01
4.901960790157318115e-01
2.313725501298904419e-01
-2.784313857555389404e-01
-5.215686559677124023e-01
-2.549019753932952881e-01
2.470588237047195435e-01
4.901960790157318115e-01
2.235294133424758911e-01
-2.784313857555389404e-01
-5.215686559677124023e-01
-2.627451121807098389e-01
2.470588237047195435e-01
4.823529422283172607e-01
2.235294133424758911e-01
-2.862745225429534912e-01
-5.215686559677124023e-01
-2.549019753932952881e-01
2.470588237047195435e-01
4.823529422283172607e-01
2.235294133424758911e-01
-2.705882489681243896e-01
-5.215686559677124023e-01
-2.549019753932952881e-01
2.470588237047195435e-01
4.901960790157318115e-01
2.313725501298904419e-01
-2.784313857555389404e-01
-5.215686559677124023e-01
-2.549019753932952881e-01
2.549019753932952881e-01
4.901960790157318115e-01
2.313725501298904419e-01
-2.784313857555389404e-01
-5.215686559677124023e-01
-2.470588237047195435e-01
2.392156869173049927e-01
4.901960790157318115e-01
2.235294133424758911e-01
-2.784313857555389404e-01
-5.215686559677124023e-01
-2.627451121807098389e-01
2.470588237047195435e-01
4.823529422283172607e-01
2.313725501298904419e-01
-2.862745225429534912e-01
-5.215686559677124023e-01
-2.549019753932952881e-01
2.470588237047195435e-01
4.823529422283172607e-01
2.235294133424758911e-01
-2.705882489681243896e-01
-5.215686559677124023e-01
-2.549019753932952881e-01
2.470588237047195435e-01
4.901960790157318115e-01
2.392156869173049927e-01
-2.784313857555389404e-01
-5.215686559677124023e-01
-2.549019753932952881e-01
2.549019753932952881e-01
4.901960790157318115e-01
2.313725501298904419e-01
-2.784313857555389404e-01
-5.215686559677124023e-01
-2.470588237047195435e-01
2.470588237047195435e-01
4.901960790157318115e-01
2.313725501298904419e-01
-2.784313857555389404e-01
-5.215686559677124023e-01
-2.627451121807098389e-01
2.470588237047195435e-01
4.823529422283172607e-01
2.313725501298904419e-01
-2.862745225429534912e-01
-5.215686559677124023e-01
-2.549019753932952881e-01
2.470588237047195435e-01
4.823529422283172607e-01
2.235294133424758911e-01
-2.705882489681243896e-01
-5.215686559677124023e-01
-2.549019753932952881e-01
2.470588237047195435e-01
4.901960790157318115e-01
2.392156869173049927e-01
-2.784313857555389404e-01
-5.137255191802978516e-01
-2.549019753932952881e-01
2.549019753932952881e-01
4.901960790157318115e-01
2.235294133424758911e-01
-2.705882489681243896e-01
-5.215686559677124023e-01
-2.549019753932952881e-01
2.392156869173049927e-01
4.901960790157318115e-01
2.235294133424758911e-01
-2.784313857555389404e-01
-5.215686559677124023e-01
-2.627451121807098389e-01
2.470588237047195435e-01
4.823529422283172607e-01
2.235294133424758911e-01
-2.862745225429534912e-01
-5.215686559677124023e-01
-2.549019753932952881e-01
2.470588237047195435e-01
4.823529422283172607e-01
2.235294133424758911e-01
-2.705882489681243896e-01
-5.215686559677124023e-01
-2.549019753932952881e-01
2.470588237047195435e-01
4.901960790157318115e-01
2.313725501298904419e-01
-2.784313857555389404e-01
-5.215686559677124023e-01
-2.549019753932952881e-01
2.549019753932952881e-01
4.901960790157318115e-01
2.235294133424758911e-01
-2.784313857555389404e-01
-5.215686559677124023e-01
-2.470588237047195435e-01
2.392156869173049927e-01
4.823529422283172607e-01
2.313725501298904419e-01
-2.784313857555389404e-01
-5.215686559677124023e-01
-2.627451121807098389e-01
2.470588237047195435e-01
4.823529422283172607e-01
2.235294133424758911e-01
-2.862745225429534912e-01
-5.215686559677124023e-01
-2.627451121807098389e-01
2.470588237047195435e-01
4.823529422283172607e-01
2.235294133424758911e-01
-2.705882489681243896e-01
-5.215686559677124023e-01
-2.549019753932952881e-01
2.470588237047195435e-01
4.901960790157318115e-01
2.313725501298904419e-01
-2.705882489681243896e-01
-5.215686559677124023e-01
-2.549019753932952881e-01
2.549019753932952881e-01
4.901960790157318115e-01
2.313725501298904419e-01
-2.705882489681243896e-01
-5.215686559677124023e-01
-2.470588237047195435e-01
2.392156869173049927e-01
4.901960790157318115e-01
2.235294133424758911e-01
-2.784313857555389404e-01
-5.215686559677124023e-01
-2.627451121807098389e-01
2.549019753932952881e-01
4.823529422283172607e-01
2.313725501298904419e-01
-2.862745225429534912e-01
-5.215686559677124023e-01
-2.549019753932952881e-01
2.470588237047195435e-01
4.823529422283172607e-01
2.235294133424758911e-01
-2.705882489681243896e-01
-5.215686559677124023e-01
-2.549019753932952881e-01
2.470588237047195435e-01
4.901960790157318115e-01
2.392156869173049927e-01
-2.784313857555389404e-01
-5.215686559677124023e-01
-2.549019753932952881e-01
2.549019753932952881e-01
4.901960790157318115e-01
2.313725501298904419e-01
-2.784313857555389404e-01
-5.215686559677124023e-01
-2.470588237047195435e-01
2.470588237047195435e-01
4.901960790157318115e-01
2.235294133424758911e-01
-2.784313857555389404e-01
-5.215686559677124023e-01
-2.705882489681243896e-01
2.470588237047195435e-01
4.823529422283172607e-01
2.313725501298904419e-01
-2.862745225429534912e-01
-5.215686559677124023e-01
-2.549019753932952881e-01
2.470588237047195435e-01
4.901960790157318115e-01
