1.450980454683303833e-01
-6.392157077789306641e-01
1.000000000000000000e+00
-8.274509906768798828e-01
6.235294342041015625e-01
2.392156869173049927e-01
-8.196078538894653320e-01
9.372549057006835938e-01
-1.000000000000000000e+00
3.490196168422698975e-01
-4.313725605607032776e-02
-9.294117689132690430e-01
1.000000000000000000e+00
-9.607843160629272461e-01
6.470588445663452148e-01
2.156862765550613403e-01
-5.921568870544433594e-01
1.000000000000000000e+00
-9.607843160629272461e-01
4.431372582912445068e-01
-5.098039284348487854e-02
-8.823529481887817383e-01
8.588235378265380859e-01
-1.000000000000000000e+00
3.960784375667572021e-01
1.450980454683303833e-01
-6.392157077789306641e-01
1.000000000000000000e+00
-8.274509906768798828e-01
6.235294342041015625e-01
2.392156869173049927e-01
-8.117647171020507812e-01
9.372549057006835938e-01
-1.000000000000000000e+00
3.568627536296844482e-01
-4.313725605607032776e-02
-9.294117689132690430e-01
1.000000000000000000e+00
-9.607843160629272461e-01
6.470588445663452148e-01
2.156862765550613403e-01
-5.921568870544433594e-01
1.000000000000000000e+00
-9.607843160629272461e-01
4.431372582912445068e-01
-5.098039284348487854e-02
-8.745098114013671875e-01
8.588235378265380859e-01
-1.000000000000000000e+00
3.882353007793426514e-01
1.450980454683303833e-01
-6.392157077789306641e-01
1.000000000000000000e+00
-8.352941274642944336e-01
6.156862974166870117e-01
2.392156869173049927e-01
-8.117647171020507812e-01
9.450980424880981445e-01
-1.000000000000000000e+00
3.490196168422698975e-01
-4.313725605607032776e-02
-9.294117689132690430e-01
1.000000000000000000e+00
-9.607843160629272461e-01
6.470588445663452148e-01
2.156862765550613403e-01
-6.000000238418579102e-01
1.000000000000000000e+00
-9.686274528503417969e-01
4.274509847164154053e-01
-4.313725605607032776e-02
-8.745098114013671875e-01
8.509804010391235352e-01
-1.000000000000000000e+00
3.960784375667572021e-01
1.450980454683303833e-01
-6.392157077789306641e-01
1.000000000000000000e+00
-8.352941274642944336e-01
6.235294342041015625e-01
2.392156869173049927e-01
-8.117647171020507812e-01
9.450980424880981445e-01
-1.000000000000000000e+00
3.490196168422698975e-01
-4.313725605607032776e-02
-9.294117689132690430e-01
1.000000000000000000e+00
-9.607843160629272461e-01
6.470588445663452148e-01
2.156862765550613403e-01
-6.000000238418579102e-01
1.000000000000000000e+00
-9.529411792755126953e-01
4.509803950786590576e-01
-4.313725605607032776e-02
-8.823529481887817383e-01
8.509804010391235352e-01
-1.000000000000000000e+00
3.882353007793426514e-01
1.529411822557449341e-01
-6.392157077789306641e-01
1.000000000000000000e+00
-8.352941274642944336e-01
6.078431606292724609e-01
2.392156869173049927e-01
-8.039215803146362305e-01
9.450980424880981445e-01
-1.000000000000000000e+00
3.490196168422698975e-01
-5.098039284348487854e-02
-9.294117689132690430e-01
1.000000000000000000e+00
-9.529411792755126953e-01
6.470588445663452148e-01
2.156862765550613403e-01
-6.000000238418579102e-01
1.000000000000000000e+00
-9.529411792755126953e-01
4.509803950786590576e-01
-5.098039284348487854e-02
-8.823529481887817383e-01
8.509804010391235352e-01
-1.000000000000000000e+00
3.882353007793426514e-01
1.450980454683303833e-01
-6.392157077789306641e-01
1.000000000000000000e+00
-8.352941274642944336e-01
6.156862974166870117e-01
2.470588237047195435e-01
-8.117647171020507812e-01
9.450980424880981445e-01
-1.000000000000000000e+00
3.490196168422698975e-01
-4.313725605607032776e-02
-9.294117689132690430e-01
1.000000000000000000e+00
-9.529411792755126953e-01
6.470588445663452148e-01
2.156862765550613403e-01
-6.000000238418579102e-01
1.000000000000000000e+00
-9.607843160629272461e-01
4.352941215038299561e-01
-4.313725605607032776e-02
-8.745098114013671875e-01
8.588235378265380859e-01
-1.000000000000000000e+00
3.882353007793426514e-01
1.450980454683303833e-01
-6.392157077789306641e-01
1.000000000000000000e+00
-8.352941274642944336e-01
6.156862974166870117e-01
2.549019753932952881e-01
-8.117647171020507812e-01
9.294117689132690430e-01
-1.000000000000000000e+00
3.568627536296844482e-01
-4.313725605607032776e-02
-9.372549057006835938e-01
1.000000000000000000e+00
-9.529411792755126953e-01
6.470588445663452148e-01
2.156862765550613403e-01
-6.000000238418579102e-01
1.000000000000000000e+00
-9.607843160629272461e-01
4.431372582912445068e-01
-5.098039284348487854e-02
-8.823529481887817383e-01
8.509804010391235352e-01
-1.000000000000000000e+00
3.882353007793426514e-01
1.450980454683303833e-01
-6.470588445663452148e-01
1.000000000000000000e+00
-8.352941274642944336e-01
6.156862974166870117e-01
2.392156869173049927e-01
-8.117647171020507812e-01
9.450980424880981445e-01
-1.000000000000000000e+00
3.490196168422698975e-01
-5.098039284348487854e-02
-9.372549057006835938e-01
1.000000000000000000e+00
-9.529411792755126953e-01
6.549019813537597656e-01
2.235294133424758911e-01
-6.000000238418579102e-01
1.000000000000000000e+00
-9.607843160629272461e-01
4.431372582912445068e-01
-4.313725605607032776e-02
-8.823529481887817383e-01
8.588235378265380859e-01
-1.000000000000000000e+00
3.882353007793426514e-01
1.529411822557449341e-01
-6.392157077789306641e-01
1.000000000000000000e+00
-8.352941274642944336e-01
6.156862974166870117e-01
2.392156869173049927e-01
-8.117647171020507812e-01
9.450980424880981445e-01
-1.000000000000000000e+00
3.490196168422698975e-01
-4.313725605607032776e-02
-9.372549057006835938e-01
1.000000000000000000e+00
-9.529411792755126953e-01
6.470588445663452148e-01
2.235294133424758911e-01
-6.000000238418579102e-01
1.000000000000000000e+00
-9.607843160629272461e-01
4.431372582912445068e-01
-4.313725605607032776e-02
-8.823529481887817383e-01
8.509804010391235352e-01
-1.000000000000000000e+00
3.882353007793426514e-01
1.529411822557449341e-01
-6.392157077789306641e-01
1.000000000000000000e+00
-8.352941274642944336e-01
6.156862974166870117e-01
2.470588237047195435e-01
-8.117647171020507812e-01
9.450980424880981445e-01
-1.000000000000000000e+00
3.490196168422698975e-01
-3.529411926865577698e-02
-9.294117689132690430e-01
1.000000000000000000e+00
-9.607843160629272461e-01
6.470588445663452148e-01
2.235294133424758911e-01
-6.000000238418579102e-01
1.000000000000000000e+00
-9.529411792755126953e-01
4.274509847164154053e-01
-5.098039284348487854e-02
-8.745098114013671875e-01
8.588235378265380859e-01
-1.000000000000000000e+00
3.882353007793426514e-01
1.529411822557449341e-01
-6.470588445663452148e-01
1.000000000000000000e+00
-8.352941274642944336e-01
6.156862974166870117e-01
2.470588237047195435e-01
-8.117647171020507812e-01
9.450980424880981445e-01
-1.000000000000000000e+00
3.411764800548553467e-01
-4.313725605607032776e-02
-9.372549057006835938e-01
1.000000000000000000e+00
-9.607843160629272461e-01
6.392157077789306641e-01
2.156862765550613403e-01
-6.000000238418579102e-01
1.000000000000000000e+00
-9.607843160629272461e-01
4.431372582912445068e-01
-4.313725605607032776e-02
-8.823529481887817383e-01
8.509804010391235352e-01
-1.000000000000000000e+00
3.882353007793426514e-01
1.529411822557449341e-01
-6.392157077789306641e-01
1.000000000000000000e+00
-8.352941274642944336e-01
6.078431606292724609e-01
2.470588237047195435e-01
-8.196078538894653320e-01
9.450980424880981445e-01
-1.000000000000000000e+00
3.490196168422698975e-01
-4.313725605607032776e-02
-9.372549057006835938e-01
1.000000000000000000e+00
-9.529411792755126953e-01
6.470588445663452148e-01
2.156862765550613403e-01
-6.000000238418579102e-01
1.000000000000000000e+00
-9.607843160629272461e-01
4.509803950786590576e-01
-4.313725605607032776e-02
-8.823529481887817383e-01
8.588235378265380859e-01
-1.000000000000000000e+00
3.882353007793426514e-01
1.529411822557449341e-01
-6.392157077789306641e-01
1.000000000000000000e+00
-8.352941274642944336e-01
6.156862974166870117e-01
2.470588237047195435e-01
-8.117647171020507812e-01
9.450980424880981445e-01
-1.000000000000000000e+00
3.411764800548553467e-01
-4.313725605607032776e-02
-9.372549057006835938e-01
1.000000000000000000e+00
-9.607843160629272461e-01
6.470588445663452148e-01
2.235294133424758911e-01
-6.000000238418579102e-01
1.000000000000000000e+00
-9.607843160629272461e-01
4.431372582912445068e-01
-4.313725605607032776e-02
-8.823529481887817383e-01
8.588235378265380859e-01
-1.000000000000000000e+00
3.882353007793426514e-01
1.529411822557449341e-01
-6.470588445663452148e-01
1.000000000000000000e+00
-8.352941274642944336e-01
6.235294342041015625e-01
2.627451121807098389e-01
-8.352941274642944336e-01
9.372549057006835938e-01
-1.000000000000000000e+00
3.490196168422698975e-01
-3.529411926865577698e-02
-9.372549057006835938e-01
1.000000000000000000e+00
-9.529411792755126953e-01
6.392157077789306641e-01
2.235294133424758911e-01
-6.078431606292724609e-01
1.000000000000000000e+00
-9.607843160629272461e-01
4.431372582912445068e-01
-4.313725605607032776e-02
-8.901960849761962891e-01
8.509804010391235352e-01
-1.000000000000000000e+00
3.882353007793426514e-01
1.529411822557449341e-01
-6.470588445663452148e-01
1.000000000000000000e+00
-8.352941274642944336e-01
6.078431606292724609e-01
2.470588237047195435e-01
-8.117647171020507812e-01
9.529411792755126953e-01
-1.000000000000000000e+00
3.411764800548553467e-01
-4.313725605607032776e-02
-9.372549057006835938e-01
1.000000000000000000e+00
-9.529411792755126953e-01
6.470588445663452148e-01
2.235294133424758911e-01
-6.078431606292724609e-01
1.000000000000000000e+00
-9.607843160629272461e-01
4.431372582912445068e-01
-4.313725605607032776e-02
-8.823529481887817383e-01
8.509804010391235352e-01
-1.000000000000000000e+00
3.882353007793426514e-01
1.607843190431594849e-01
-6.392157077789306641e-01
1.000000000000000000e+00
-8.352941274642944336e-01
6.156862974166870117e-01
2.470588237047195435e-01
-8.117647171020507812e-01
9.450980424880981445e-01
-1.000000000000000000e+00
3.411764800548553467e-01
-4.313725605607032776e-02
-9.372549057006835938e-01
1.000000000000000000e+00
-9.529411792755126953e-01
6.470588445663452148e-01
2.235294133424758911e-01
-6.078431606292724609e-01
1.000000000000000000e+00
-9.529411792755126953e-01
4.431372582912445068e-01
-4.313725605607032776e-02
-8.823529481887817383e-01
8.588235378265380859e-01
-1.000000000000000000e+00
3.882353007793426514e-01
1.607843190431594849e-01
-6.470588445663452148e-01
1.000000000000000000e+00
-8.274509906768798828e-01
6.078431606292724609e-01
2.549019753932952881e-01
-8.117647171020507812e-01
9.450980424880981445e-01
-1.000000000000000000e+00
3.490196168422698975e-01
-3.529411926865577698e-02
-9.372549057006835938e-01
1.000000000000000000e+00
-9.529411792755126953e-01
6.470588445663452148e-01
2.313725501298904419e-01
-6.000000238418579102e-01
1.000000000000000000e+00
-9.450980424880981445e-01
4.509803950786590576e-01
-5.098039284348487854e-02
-8.980392217636108398e-01
8.588235378265380859e-01
-1.000000000000000000e+00
3.882353007793426514e-01
1.529411822557449341e-01
-6.470588445663452148e-01
1.000000000000000000e+00
-8.352941274642944336e-01
6.078431606292724609e-01
2.470588237047195435e-01
-8.117647171020507812e-01
9.450980424880981445e-01
-1.000000000000000000e+00
3.411764800548553467e-01
-3.529411926865577698e-02
-9.372549057006835938e-01
1.000000000000000000e+00
-9.529411792755126953e-01
6.470588445663452148e-01
2.313725501298904419e-01
-6.000000238418579102e-01
1.000000000000000000e+00
-9.607843160629272461e-01
4.352941215038299561e-01
-3.529411926865577698e-02
-8.823529481887817383e-01
8.588235378265380859e-01
-1.000000000000000000e+00
3.882353007793426514e-01
1.529411822557449341e-01
-6.470588445663452148e-01
1.000000000000000000e+00
-8.274509906768798828e-01
6.078431606292724609e-01
2.470588237047195435e-01
-8.196078538894653320e-01
9.450980424880981445e-01
-1.000000000000000000e+00
3.411764800548553467e-01
-3.529411926865577698e-02
-9.372549057006835938e-01
1.000000000000000000e+00
-9.529411792755126953e-01
6.470588445663452148e-01
2.313725501298904419e-01
-6.078431606292724609e-01
1.000000000000000000e+00
-9.607843160629272461e-01
4.352941215038299561e-01
-3.529411926865577698e-02
-8.823529481887817383e-01
8.588235378265380859e-01
-1.000000000000000000e+00
3.803921639919281006e-01
1.529411822557449341e-01
-6.470588445663452148e-01
1.000000000000000000e+00
-8.274509906768798828e-01
6.078431606292724609e-01
2.470588237047195435e-01
-8.196078538894653320e-01
9.450980424880981445e-01
-1.000000000000000000e+00
3.411764800548553467e-01
-3.529411926865577698e-02
-9.372549057006835938e-01
1.000000000000000000e+00
-9.529411792755126953e-01
6.470588445663452148e-01
2.313725501298904419e-01
-6.078431606292724609e-01
1.000000000000000000e+00
-9.607843160629272461e-01
4.352941215038299561e-01
-3.529411926865577698e-02
-8.901960849761962891e-01
8.588235378265380859e-01
-1.000000000000000000e+00
3.803921639919281006e-01
1.607843190431594849e-01
-6.470588445663452148e-01
1.000000000000000000e+00
-8.274509906768798828e-01
6.156862974166870117e-01
2.549019753932952881e-01
-8.196078538894653320e-01
9.450980424880981445e-01
-1.000000000000000000e+00
3.411764800548553467e-01
-1.960784383118152618e-02
-9.450980424880981445e-01
1.000000000000000000e+00
-9.529411792755126953e-01
6.470588445663452148e-01
2.235294133424758911e-01
-6.078431606292724609e-01
1.000000000000000000e+00
-9.607843160629272461e-01
4.352941215038299561e-01
-4.313725605607032776e-02
-8.901960849761962891e-01
8.588235378265380859e-01
-1.000000000000000000e+00
3.803921639919281006e-01
1.607843190431594849e-01
-6.470588445663452148e-01
1.000000000000000000e+00
-8.274509906768798828e-01
6.078431606292724609e-01
2.549019753932952881e-01
-8.196078538894653320e-01
9.450980424880981445e-01
-1.000000000000000000e+00
3.333333432674407959e-01
-4.313725605607032776e-02
-9.372549057006835938e-01
1.000000000000000000e+00
-9.450980424880981445e-01
6.392157077789306641e-01
2.235294133424758911e-01
-6.078431606292724609e-01
1.000000000000000000e+00
-9.529411792755126953e-01
4.431372582912445068e-01
-3.529411926865577698e-02
-8.901960849761962891e-01
8.509804010391235352e-01
-1.000000000000000000e+00
3.882353007793426514e-01
1.607843190431594849e-01
-6.470588445663452148e-01
1.000000000000000000e+00
-8.352941274642944336e-01
6.078431606292724609e-01
2.549019753932952881e-01
-8.196078538894653320e-01
9.450980424880981445e-01
-1.000000000000000000e+00
3.411764800548553467e-01
-3.529411926865577698e-02
-9.372549057006835938e-01
1.000000000000000000e+00
-9.450980424880981445e-01
6.392157077789306641e-01
2.235294133424758911e-01
-6.078431606292724609e-01
1.000000000000000000e+00
-9.529411792755126953e-01
4.431372582912445068e-01
-4.313725605607032776e-02
-8.901960849761962891e-01
8.588235378265380859e-01
-1.000000000000000000e+00
3.882353007793426514e-01
1.607843190431594849e-01
-6.470588445663452148e-01
1.000000000000000000e+00
-8.274509906768798828e-01
6.078431606292724609e-01
2.549019753932952881e-01
-8.196078538894653320e-01
9.450980424880981445e-01
-1.000000000000000000e+00
3.333333432674407959e-01
-3.529411926865577698e-02
-9.372549057006835938e-01
1.000000000000000000e+00
-9.529411792755126953e-01
6.392157077789306641e-01
2.235294133424758911e-01
-6.078431606292724609e-01
1.000000000000000000e+00
-9.529411792755126953e-01
4.352941215038299561e-01
-3.529411926865577698e-02
-8.823529481887817383e-01
8.588235378265380859e-01
-1.000000000000000000e+00
3.882353007793426514e-01
1.607843190431594849e-01
-6.392157077789306641e-01
1.000000000000000000e+00
-8.352941274642944336e-01
6.000000238418579102e-01
2.549019753932952881e-01
-8.196078538894653320e-01
9.450980424880981445e-01
-1.000000000000000000e+00
3.411764800548553467e-01
-2.745098061859607697e-02
-9.372549057006835938e-01
1.000000000000000000e+00
-9.529411792755126953e-01
6.313725709915161133e-01
2.235294133424758911e-01
-6.078431606292724609e-01
1.000000000000000000e+00
-9.607843160629272461e-01
4.352941215038299561e-01
-3.529411926865577698e-02
-8.901960849761962891e-01
8.588235378265380859e-01
-1.000000000000000000e+00
3.803921639919281006e-01
1.529411822557449341e-01
-6.549019813537597656e-01
1.000000000000000000e+00
-8.274509906768798828e-01
6.078431606292724609e-01
2.549019753932952881e-01
-8.274509906768798828e-01
9.372549057006835938e-01
-1.000000000000000000e+00
3.333333432674407959e-01
-2.745098061859607697e-02
-9.372549057006835938e-01
1.000000000000000000e+00
-9.607843160629272461e-01
6.313725709915161133e-01
2.313725501298904419e-01
-6.078431606292724609e-01
1.000000000000000000e+00
-9.607843160629272461e-01
4.274509847164154053e-01
-3.529411926865577698e-02
-8.901960849761962891e-01
8.588235378265380859e-01
-1.000000000000000000e+00
3.803921639919281006e-01
1.529411822557449341e-01
-6.549019813537597656e-01
1.000000000000000000e+00
-8.274509906768798828e-01
6.078431606292724609e-01
2.549019753932952881e-01
-8.196078538894653320e-01
9.372549057006835938e-01
-1.000000000000000000e+00
3.411764800548553467e-01
-2.745098061859607697e-02
-9.372549057006835938e-01
1.000000000000000000e+00
-9.529411792755126953e-01
6.392157077789306641e-01
2.313725501298904419e-01
-6.078431606292724609e-01
1.000000000000000000e+00
-9.529411792755126953e-01
4.274509847164154053e-01
-3.529411926865577698e-02
-8.901960849761962891e-01
8.588235378265380859e-01
-1.000000000000000000e+00
3.803921639919281006e-01
1.607843190431594849e-01
-6.470588445663452148e-01
1.000000000000000000e+00
-8.274509906768798828e-01
6.078431606292724609e-01
2.549019753932952881e-01
-8.196078538894653320e-01
9.372549057006835938e-01
-1.000000000000000000e+00
3.411764800548553467e-01
-2.745098061859607697e-02
-9.372549057006835938e-01
1.000000000000000000e+00
-9.529411792755126953e-01
6.392157077789306641e-01
2.313725501298904419e-01
-6.078431606292724609e-01
1.000000000000000000e+00
-9.529411792755126953e-01
4.509803950786590576e-01
-4.313725605607032776e-02
-9.058823585510253906e-01
8.666666746139526367e-01
-1.000000000000000000e+00
3.803921639919281006e-01
1.607843190431594849e-01
-6.470588445663452148e-01
1.000000000000000000e+00
-8.274509906768798828e-01
6.078431606292724609e-01
2.549019753932952881e-01
-8.274509906768798828e-01
9.450980424880981445e-01
-1.000000000000000000e+00
3.411764800548553467e-01
-2.745098061859607697e-02
-9.372549057006835938e-01
1.000000000000000000e+00
-9.529411792755126953e-01
6.313725709915161133e-01
2.313725501298904419e-01
-6.078431606292724609e-01
1.000000000000000000e+00
-9.607843160629272461e-01
4.274509847164154053e-01
-2.745098061859607697e-02
-8.901960849761962891e-01
8.588235378265380859e-01
-1.000000000000000000e+00
3.803921639919281006e-01
1.607843190431594849e-01
-6.470588445663452148e-01
1.000000000000000000e+00
-8.196078538894653320e-01
6.078431606292724609e-01
2.549019753932952881e-01
-8.274509906768798828e-01
9.450980424880981445e-01
-1.000000000000000000e+00
3.411764800548553467e-01
-2.745098061859607697e-02
-9.450980424880981445e-01
1.000000000000000000e+00
-9.529411792755126953e-01
6.392157077789306641e-01
2.392156869173049927e-01
-6.078431606292724609e-01
1.000000000000000000e+00
-9.529411792755126953e-01
4.274509847164154053e-01
-3.529411926865577698e-02
-8.901960849761962891e-01
8.588235378265380859e-01
-1.000000000000000000e+00
3.803921639919281006e-01
1.607843190431594849e-01
-6.470588445663452148e-01
1.000000000000000000e+00
-8.274509906768798828e-01
6.078431606292724609e-01
2.549019753932952881e-01
-8.274509906768798828e-01
9.450980424880981445e-01
-1.000000000000000000e+00
3.333333432674407959e-01
-2.745098061859607697e-02
-9.450980424880981445e-01
1.000000000000000000e+00
-9.450980424880981445e-01
6.392157077789306641e-01
2.313725501298904419e-01
-6.078431606292724609e-01
1.000000000000000000e+00
-9.529411792755126953e-01
4.274509847164154053e-01
-3.529411926865577698e-02
-8.901960849761962891e-01
8.588235378265380859e-01
-1.000000000000000000e+00
3.725490272045135498e-01
1.686274558305740356e-01
-6.470588445663452148e-01
1.000000000000000000e+00
-8.274509906768798828e-01
6.000000238418579102e-01
2.549019753932952881e-01
-8.274509906768798828e-01
9.372549057006835938e-01
-1.000000000000000000e+00
3.333333432674407959e-01
-1.960784383118152618e-02
-9.294117689132690430e-01
1.000000000000000000e+00
-9.607843160629272461e-01
6.392157077789306641e-01
2.392156869173049927e-01
-6.078431606292724609e-01
1.000000000000000000e+00
-9.529411792755126953e-01
4.274509847164154053e-01
-3.529411926865577698e-02
-8.980392217636108398e-01
8.588235378265380859e-01
-1.000000000000000000e+00
3.803921639919281006e-01
1.607843190431594849e-01
-6.549019813537597656e-01
1.000000000000000000e+00
-8.274509906768798828e-01
6.000000238418579102e-01
2.549019753932952881e-01
-8.274509906768798828e-01
9.450980424880981445e-01
-1.000000000000000000e+00
3.333333432674407959e-01
-2.745098061859607697e-02
-9.450980424880981445e-01
1.000000000000000000e+00
-9.450980424880981445e-01
6.313725709915161133e-01
2.313725501298904419e-01
-6.156862974166870117e-01
1.000000000000000000e+00
-9.529411792755126953e-01
4.352941215038299561e-01
-3.529411926865577698e-02
-8.980392217636108398e-01
8.588235378265380859e-01
-1.000000000000000000e+00
3.803921639919281006e-01
1.686274558305740356e-01
-6.470588445663452148e-01
1.000000000000000000e+00
-8.274509906768798828e-01
6.000000238418579102e-01
2.627451121807098389e-01
-8.274509906768798828e-01
9.450980424880981445e-01
-1.000000000000000000e+00
3.333333432674407959e-01
-2.745098061859607697e-02
-9.450980424880981445e-01
1.000000000000000000e+00
-9.450980424880981445e-01
6.313725709915161133e-01
2.313725501298904419e-01
-6.078431606292724609e-01
1.000000000000000000e+00
-9.529411792755126953e-01
4.352941215038299561e-01
-2.745098061859607697e-02
-8.980392217636108398e-01
8.588235378265380859e-01
-1.000000000000000000e+00
3.803921639919281006e-01
1.686274558305740356e-01
-6.549019813537597656e-01
1.000000000000000000e+00
-8.274509906768798828e-01
6.000000238418579102e-01
2.627451121807098389e-01
-8.274509906768798828e-01
9.450980424880981445e-01
-1.000000000000000000e+00
3.254902064800262451e-01
-2.745098061859607697e-02
-9.372549057006835938e-01
1.000000000000000000e+00
-9.450980424880981445e-01
6.313725709915161133e-01
2.313725501298904419e-01
-6.078431606292724609e-01
1.000000000000000000e+00
-9.529411792755126953e-01
4.274509847164154053e-01
-3.529411926865577698e-02
-8.980392217636108398e-01
8.588235378265380859e-01
-1.000000000000000000e+00
3.803921639919281006e-01
1.686274558305740356e-01
-6.470588445663452148e-01
1.000000000000000000e+00
-8.352941274642944336e-01
6.000000238418579102e-01
2.705882489681243896e-01
-8.274509906768798828e-01
9.450980424880981445e-01
-1.000000000000000000e+00
3.333333432674407959e-01
-2.745098061859607697e-02
-9.450980424880981445e-01
1.000000000000000000e+00
-9.450980424880981445e-01
6.313725709915161133e-01
2.392156869173049927e-01
-6.078431606292724609e-01
1.000000000000000000e+00
-9.529411792755126953e-01
4.274509847164154053e-01
-2.745098061859607697e-02
-8.980392217636108398e-01
8.588235378265380859e-01
-1.000000000000000000e+00
3.803921639919281006e-01
1.686274558305740356e-01
-6.549019813537597656e-01
1.000000000000000000e+00
-8.196078538894653320e-01
6.078431606292724609e-01
2.549019753932952881e-01
-8.352941274642944336e-01
9.372549057006835938e-01
-1.000000000000000000e+00
3.333333432674407959e-01
-1.960784383118152618e-02
-9.372549057006835938e-01
1.000000000000000000e+00
-9.529411792755126953e-01
6.313725709915161133e-01
2.392156869173049927e-01
-6.078431606292724609e-01
1.000000000000000000e+00
-9.529411792755126953e-01
4.274509847164154053e-01
-2.745098061859607697e-02
-8.901960849761962891e-01
8.588235378265380859e-01
-1.000000000000000000e+00
3.803921639919281006e-01
1.686274558305740356e-01
-6.549019813537597656e-01
1.000000000000000000e+00
-8.196078538894653320e-01
6.078431606292724609e-01
2.627451121807098389e-01
-8.352941274642944336e-01
9.450980424880981445e-01
-1.000000000000000000e+00
3.333333432674407959e-01
-1.960784383118152618e-02
-9.372549057006835938e-01
1.000000000000000000e+00
-9.450980424880981445e-01
6.313725709915161133e-01
2.392156869173049927e-01
-6.078431606292724609e-01
1.000000000000000000e+00
-9.529411792755126953e-01
4.274509847164154053e-01
-2.745098061859607697e-02
-8.901960849761962891e-01
8.588235378265380859e-01
-1.000000000000000000e+00
3.803921639919281006e-01
1.686274558305740356e-01
-6.549019813537597656e-01
1.000000000000000000e+00
-8.196078538894653320e-01
6.000000238418579102e-01
2.549019753932952881e-01
-8.274509906768798828e-01
9.450980424880981445e-01
-1.000000000000000000e+00
3.254902064800262451e-01
-2.745098061859607697e-02
-9.450980424880981445e-01
1.000000000000000000e+00
-9.450980424880981445e-01
6.313725709915161133e-01
2.392156869173049927e-01
-6.000000238418579102e-01
1.000000000000000000e+00
-9.686274528503417969e-01
4.196078479290008545e-01
-2.745098061859607697e-02
-8.980392217636108398e-01
8.509804010391235352e-01
-1.000000000000000000e+00
3.803921639919281006e-01
1.686274558305740356e-01
-6.549019813537597656e-01
1.000000000000000000e+00
-8.274509906768798828e-01
5.921568870544433594e-01
2.549019753932952881e-01
-8.352941274642944336e-01
9.450980424880981445e-01
-1.000000000000000000e+00
3.254902064800262451e-01
-2.745098061859607697e-02
-9.450980424880981445e-01
1.000000000000000000e+00
-9.450980424880981445e-01
6.313725709915161133e-01
2.392156869173049927e-01
-6.156862974166870117e-01
1.000000000000000000e+00
-9.529411792755126953e-01
4.274509847164154053e-01
-3.529411926865577698e-02
-9.058823585510253906e-01
8.509804010391235352e-01
-1.000000000000000000e+00
3.803921639919281006e-01
1.764705926179885864e-01
-6.470588445663452148e-01
1.000000000000000000e+00
-8.274509906768798828e-01
5.921568870544433594e-01
2.627451121807098389e-01
-8.274509906768798828e-01
9.450980424880981445e-01
-1.000000000000000000e+00
3.254902064800262451e-01
-1.960784383118152618e-02
-9.450980424880981445e-01
1.000000000000000000e+00
-9.450980424880981445e-01
6.235294342041015625e-01
2.313725501298904419e-01
-6.156862974166870117e-01
1.000000000000000000e+00
-9.529411792755126953e-01
4.274509847164154053e-01
-2.745098061859607697e-02
-9.058823585510253906e-01
8.588235378265380859e-01
-1.000000000000000000e+00
3.803921639919281006e-01
1.686274558305740356e-01
-6.549019813537597656e-01
1.000000000000000000e+00
-8.274509906768798828e-01
6.000000238418579102e-01
2.627451121807098389e-01
-8.274509906768798828e-01
9.450980424880981445e-01
-1.000000000000000000e+00
3.254902064800262451e-01
-1.960784383118152618e-02
-9.450980424880981445e-01
1.000000000000000000e+00
-9.450980424880981445e-01
6.235294342041015625e-01
2.392156869173049927e-01
-6.156862974166870117e-01
1.000000000000000000e+00
-9.529411792755126953e-01
4.196078479290008545e-01
-2.745098061859607697e-02
-8.980392217636108398e-01
8.588235378265380859e-01
-1.000000000000000000e+00
3.725490272045135498e-01
1.686274558305740356e-01
-6.549019813537597656e-01
1.000000000000000000e+00
-8.196078538894653320e-01
6.000000238418579102e-01
2.705882489681243896e-01
-8.274509906768798828e-01
9.294117689132690430e-01
-1.000000000000000000e+00
3.333333432674407959e-01
-1.960784383118152618e-02
-9.450980424880981445e-01
1.000000000000000000e+00
-9.450980424880981445e-01
6.313725709915161133e-01
2.392156869173049927e-01
-6.156862974166870117e-01
1.000000000000000000e+00
-9.607843160629272461e-01
4.274509847164154053e-01
-2.745098061859607697e-02
-8.980392217636108398e-01
8.588235378265380859e-01
-1.000000000000000000e+00
3.725490272045135498e-01
1.686274558305740356e-01
-6.549019813537597656e-01
1.000000000000000000e+00
-8.196078538894653320e-01
5.921568870544433594e-01
2.627451121807098389e-01
-8.352941274642944336e-01
9.450980424880981445e-01
-1.000000000000000000e+00
3.254902064800262451e-01
-2.745098061859607697e-02
-9.529411792755126953e-01
1.000000000000000000e+00
-9.450980424880981445e-01
6.313725709915161133e-01
2.470588237047195435e-01
-6.156862974166870117e-01
1.000000000000000000e+00
-9.607843160629272461e-01
4.196078479290008545e-01
-1.960784383118152618e-02
-8.980392217636108398e-01
8.666666746139526367e-01
-1.000000000000000000e+00
3.725490272045135498e-01
1.764705926179885864e-01
-6.549019813537597656e-01
1.000000000000000000e+00
-8.196078538894653320e-01
5.921568870544433594e-01
2.627451121807098389e-01
-8.274509906768798828e-01
9.450980424880981445e-01
-1.000000000000000000e+00
3.254902064800262451e-01
-1.960784383118152618e-02
-9.450980424880981445e-01
1.000000000000000000e+00
-9.450980424880981445e-01
6.313725709915161133e-01
2.470588237047195435e-01
-6.156862974166870117e-01
1.000000000000000000e+00
-9.529411792755126953e-01
4.274509847164154053e-01
-1.960784383118152618e-02
-8.980392217636108398e-01
8.588235378265380859e-01
-1.000000000000000000e+00
3.725490272045135498e-01
1.764705926179885864e-01
-6.549019813537597656e-01
1.000000000000000000e+00
-8.274509906768798828e-01
6.000000238418579102e-01
2.627451121807098389e-01
-8.352941274642944336e-01
9.450980424880981445e-01
-1.000000000000000000e+00
3.176470696926116943e-01
-1.960784383118152618e-02
-9.450980424880981445e-01
1.000000000000000000e+00
-9.450980424880981445e-01
6.313725709915161133e-01
2.470588237047195435e-01
-6.156862974166870117e-01
1.000000000000000000e+00
-9.529411792755126953e-01
4.196078479290008545e-01
-1.176470611244440079e-02
-9.058823585510253906e-01
8.509804010391235352e-01
-1.000000000000000000e+00
3.803921639919281006e-01
1.764705926179885864e-01
-6.549019813537597656e-01
1.000000000000000000e+00
-8.196078538894653320e-01
5.921568870544433594e-01
2.627451121807098389e-01
-8.352941274642944336e-01
9.450980424880981445e-01
-1.000000000000000000e+00
3.254902064800262451e-01
-1.960784383118152618e-02
-9.450980424880981445e-01
1.000000000000000000e+00
-9.450980424880981445e-01
6.235294342041015625e-01
2.392156869173049927e-01
-6.156862974166870117e-01
1.000000000000000000e+00
-9.529411792755126953e-01
4.196078479290008545e-01
-2.745098061859607697e-02
-8.980392217636108398e-01
8.588235378265380859e-01
-1.000000000000000000e+00
3.725490272045135498e-01
1.607843190431594849e-01
-6.549019813537597656e-01
1.000000000000000000e+00
-8.117647171020507812e-01
6.000000238418579102e-01
2.705882489681243896e-01
-8.352941274642944336e-01
9.372549057006835938e-01
-1.000000000000000000e+00
3.254902064800262451e-01
-1.176470611244440079e-02
-9.450980424880981445e-01
1.000000000000000000e+00
-9.450980424880981445e-01
6.235294342041015625e-01
2.470588237047195435e-01
-6.156862974166870117e-01
1.000000000000000000e+00
-9.529411792755126953e-01
4.196078479290008545e-01
-1.960784383118152618e-02
-8.980392217636108398e-01
8.666666746139526367e-01
-1.000000000000000000e+00
3.725490272045135498e-01
1.764705926179885864e-01
-6.549019813537597656e-01
1.000000000000000000e+00
-8.196078538894653320e-01
6.000000238418579102e-01
2.627451121807098389e-01
-8.352941274642944336e-01
9.450980424880981445e-01
-1.000000000000000000e+00
3.254902064800262451e-01
-1.176470611244440079e-02
-9.450980424880981445e-01
1.000000000000000000e+00
-9.450980424880981445e-01
6.235294342041015625e-01
2.470588237047195435e-01
-6.156862974166870117e-01
1.000000000000000000e+00
-9.529411792755126953e-01
4.196078479290008545e-01
-1.960784383118152618e-02
-8.980392217636108398e-01
8.588235378265380859e-01
-1.000000000000000000e+00
3.725490272045135498e-01
1.843137294054031372e-01
-6.549019813537597656e-01
1.000000000000000000e+00
-8.196078538894653320e-01
6.000000238418579102e-01
2.705882489681243896e-01
-8.352941274642944336e-01
9.450980424880981445e-01
-1.000000000000000000e+00
3.254902064800262451e-01
-3.921568859368562698e-03
-9.450980424880981445e-01
1.000000000000000000e+00
-9.450980424880981445e-01
6.313725709915161133e-01
2.470588237047195435e-01
-6.156862974166870117e-01
1.000000000000000000e+00
-9.529411792755126953e-01
4.196078479290008545e-01
-1.960784383118152618e-02
-9.058823585510253906e-01
8.588235378265380859e-01
-1.000000000000000000e+00
3.725490272045135498e-01
1.764705926179885864e-01
-6.549019813537597656e-01
1.000000000000000000e+00
-8.196078538894653320e-01
5.921568870544433594e-01
2.705882489681243896e-01
-8.352941274642944336e-01
9.372549057006835938e-01
-1.000000000000000000e+00
3.176470696926116943e-01
-1.960784383118152618e-02
-9.529411792755126953e-01
1.000000000000000000e+00
-9.372549057006835938e-01
6.235294342041015625e-01
2.392156869173049927e-01
-6.235294342041015625e-01
1.000000000000000000e+00
-9.529411792755126953e-01
4.196078479290008545e-01
-1.960784383118152618e-02
-9.058823585510253906e-01
8.509804010391235352e-01
-1.000000000000000000e+00
3.725490272045135498e-01
1.764705926179885864e-01
-6.549019813537597656e-01
1.000000000000000000e+00
-8.274509906768798828e-01
5.921568870544433594e-01
2.705882489681243896e-01
-8.352941274642944336e-01
9.529411792755126953e-01
-1.000000000000000000e+00
3.176470696926116943e-01
-1.960784383118152618e-02
-9.450980424880981445e-01
1.000000000000000000e+00
-9.372549057006835938e-01
6.235294342041015625e-01
2.392156869173049927e-01
-6.235294342041015625e-01
1.000000000000000000e+00
-9.450980424880981445e-01
4.196078479290008545e-01
-1.960784383118152618e-02
-9.058823585510253906e-01
8.588235378265380859e-01
-1.000000000000000000e+00
3.725490272045135498e-01
1.843137294054031372e-01
-6.549019813537597656e-01
1.000000000000000000e+00
-8.196078538894653320e-01
5.921568870544433594e-01
2.705882489681243896e-01
-8.352941274642944336e-01
9.450980424880981445e-01
-1.000000000000000000e+00
3.176470696926116943e-01
-1.176470611244440079e-02
-9.450980424880981445e-01
1.000000000000000000e+00
-9.372549057006835938e-01
6.235294342041015625e-01
2.470588237047195435e-01
-6.156862974166870117e-01
1.000000000000000000e+00
-9.529411792755126953e-01
4.196078479290008545e-01
-1.960784383118152618e-02
-8.980392217636108398e-01
8.588235378265380859e-01
-1.000000000000000000e+00
3.725490272045135498e-01
1.764705926179885864e-01
-6.470588445663452148e-01
1.000000000000000000e+00
-8.274509906768798828e-01
5.921568870544433594e-01
2.705882489681243896e-01
-8.352941274642944336e-01
9.450980424880981445e-01
-1.000000000000000000e+00
3.176470696926116943e-01
-1.176470611244440079e-02
-9.529411792755126953e-01
1.000000000000000000e+00
-9.450980424880981445e-01
6.235294342041015625e-01
2.470588237047195435e-01
-6.235294342041015625e-01
1.000000000000000000e+00
-9.529411792755126953e-01
4.196078479290008545e-01
-1.960784383118152618e-02
-9.058823585510253906e-01
8.588235378265380859e-01
-1.000000000000000000e+00
3.725490272045135498e-01
1.764705926179885864e-01
-6.627451181411743164e-01
1.000000000000000000e+00
-8.196078538894653320e-01
5.921568870544433594e-01
2.705882489681243896e-01
-8.431372642517089844e-01
9.450980424880981445e-01
-1.000000000000000000e+00
3.254902064800262451e-01
-1.176470611244440079e-02
-9.529411792755126953e-01
1.000000000000000000e+00
-9.450980424880981445e-01
6.235294342041015625e-01
2.470588237047195435e-01
-6.156862974166870117e-01
1.000000000000000000e+00
-9.529411792755126953e-01
4.117647111415863037e-01
-1.960784383118152618e-02
-8.980392217636108398e-01
8.666666746139526367e-01
-1.000000000000000000e+00
3.725490272045135498e-01
1.764705926179885864e-01
-6.627451181411743164e-01
1.000000000000000000e+00
-8.117647171020507812e-01
5.921568870544433594e-01
2.705882489681243896e-01
-8.431372642517089844e-01
9.372549057006835938e-01
-1.000000000000000000e+00
3.254902064800262451e-01
-1.176470611244440079e-02
-9.450980424880981445e-01
1.000000000000000000e+00
-9.450980424880981445e-01
6.235294342041015625e-01
2.549019753932952881e-01
-6.156862974166870117e-01
1.000000000000000000e+00
-9.529411792755126953e-01
4.196078479290008545e-01
-1.960784383118152618e-02
-8.980392217636108398e-01
8.588235378265380859e-01
-1.000000000000000000e+00
3.725490272045135498e-01
1.843137294054031372e-01
-6.549019813537597656e-01
1.000000000000000000e+00
-8.196078538894653320e-01
5.921568870544433594e-01
2.705882489681243896e-01
-8.352941274642944336e-01
9.450980424880981445e-01
-1.000000000000000000e+00
3.254902064800262451e-01
-1.176470611244440079e-02
-9.529411792755126953e-01
1.000000000000000000e+00
-9.372549057006835938e-01
6.235294342041015625e-01
2.549019753932952881e-01
-6.156862974166870117e-01
1.000000000000000000e+00
-9.529411792755126953e-01
4.039215743541717529e-01
-1.960784383118152618e-02
-8.980392217636108398e-01
8.588235378265380859e-01
-1.000000000000000000e+00
3.725490272045135498e-01
1.843137294054031372e-01
-6.627451181411743164e-01
1.000000000000000000e+00
-8.196078538894653320e-01
5.921568870544433594e-01
2.705882489681243896e-01
-8.352941274642944336e-01
9.450980424880981445e-01
-1.000000000000000000e+00
3.176470696926116943e-01
-1.176470611244440079e-02
-9.529411792755126953e-01
1.000000000000000000e+00
-9.450980424880981445e-01
6.156862974166870117e-01
2.470588237047195435e-01
-6.235294342041015625e-01
1.000000000000000000e+00
-9.529411792755126953e-01
4.196078479290008545e-01
-1.960784383118152618e-02
-9.058823585510253906e-01
8.509804010391235352e-01
-1.000000000000000000e+00
3.725490272045135498e-01
1.843137294054031372e-01
-6.549019813537597656e-01
1.000000000000000000e+00
-8.196078538894653320e-01
5.764706134796142578e-01
2.705882489681243896e-01
-8.352941274642944336e-01
9.450980424880981445e-01
-1.000000000000000000e+00
3.176470696926116943e-01
-1.960784383118152618e-02
-9.529411792755126953e-01
1.000000000000000000e+00
-9.372549057006835938e-01
6.156862974166870117e-01
2.470588237047195435e-01
-6.235294342041015625e-01
1.000000000000000000e+00
-9.450980424880981445e-01
4.196078479290008545e-01
-1.960784383118152618e-02
-9.058823585510253906e-01
8.588235378265380859e-01
-1.000000000000000000e+00
3.725490272045135498e-01
1.843137294054031372e-01
-6.549019813537597656e-01
1.000000000000000000e+00
-8.196078538894653320e-01
5.843137502670288086e-01
2.705882489681243896e-01
-8.352941274642944336e-01
9.450980424880981445e-01
-1.000000000000000000e+00
3.176470696926116943e-01
-1.176470611244440079e-02
-9.529411792755126953e-01
1.000000000000000000e+00
-9.372549057006835938e-01
6.156862974166870117e-01
2.470588237047195435e-01
-6.235294342041015625e-01
1.000000000000000000e+00
-9.450980424880981445e-01
4.196078479290008545e-01
-1.960784383118152618e-02
-9.058823585510253906e-01
8.588235378265380859e-01
-1.000000000000000000e+00
3.647058904170989990e-01
1.843137294054031372e-01
-6.549019813537597656e-01
1.000000000000000000e+00
-8.117647171020507812e-01
5.921568870544433594e-01
2.705882489681243896e-01
-8.352941274642944336e-01
9.450980424880981445e-01
-1.000000000000000000e+00
3.098039329051971436e-01
-1.960784383118152618e-02
-9.529411792755126953e-01
1.000000000000000000e+00
-9.372549057006835938e-01
6.156862974166870117e-01
2.549019753932952881e-01
-6.235294342041015625e-01
1.000000000000000000e+00
-9.529411792755126953e-01
4.117647111415863037e-01
-1.960784383118152618e-02
-9.058823585510253906e-01
8.588235378265380859e-01
-1.000000000000000000e+00
3.647058904170989990e-01
1.843137294054031372e-01
-6.627451181411743164e-01
1.000000000000000000e+00
-8.196078538894653320e-01
5.843137502670288086e-01
2.705882489681243896e-01
-8.431372642517089844e-01
9.450980424880981445e-01
-1.000000000000000000e+00
3.176470696926116943e-01
-3.921568859368562698e-03
-9.529411792755126953e-01
1.000000000000000000e+00
-9.450980424880981445e-01
6.156862974166870117e-01
2.549019753932952881e-01
-6.235294342041015625e-01
1.000000000000000000e+00
-9.529411792755126953e-01
4.039215743541717529e-01
-1.960784383118152618e-02
-9.058823585510253906e-01
8.588235378265380859e-01
-1.000000000000000000e+00
3.647058904170989990e-01
1.843137294054031372e-01
-6.627451181411743164e-01
1.000000000000000000e+00
-8.117647171020507812e-01
5.921568870544433594e-01
2.784313857555389404e-01
-8.431372642517089844e-01
9.450980424880981445e-01
-1.000000000000000000e+00
3.176470696926116943e-01
-3.921568859368562698e-03
-9.529411792755126953e-01
1.000000000000000000e+00
-9.372549057006835938e-01
6.156862974166870117e-01
2.549019753932952881e-01
-6.235294342041015625e-01
1.000000000000000000e+00
-9.529411792755126953e-01
4.039215743541717529e-01
-1.176470611244440079e-02
-9.058823585510253906e-01
8.666666746139526367e-01
-1.000000000000000000e+00
3.647058904170989990e-01
1.843137294054031372e-01
-6.627451181411743164e-01
1.000000000000000000e+00
-8.117647171020507812e-01
5.921568870544433594e-01
2.705882489681243896e-01
-8.431372642517089844e-01
9.450980424880981445e-01
-1.000000000000000000e+00
3.176470696926116943e-01
-3.921568859368562698e-03
-9.529411792755126953e-01
1.000000000000000000e+00
-9.372549057006835938e-01
6.235294342041015625e-01
2.549019753932952881e-01
-6.235294342041015625e-01
1.000000000000000000e+00
-9.450980424880981445e-01
4.117647111415863037e-01
-1.960784383118152618e-02
-9.058823585510253906e-01
8.588235378265380859e-01
-1.000000000000000000e+00
3.725490272045135498e-01
1.843137294054031372e-01
-6.627451181411743164e-01
1.000000000000000000e+00
-8.117647171020507812e-01
5.921568870544433594e-01
2.784313857555389404e-01
-8.431372642517089844e-01
9.450980424880981445e-01
-1.000000000000000000e+00
3.176470696926116943e-01
-3.921568859368562698e-03
-9.529411792755126953e-01
1.000000000000000000e+00
-9.450980424880981445e-01
6.156862974166870117e-01
2.549019753932952881e-01
-6.235294342041015625e-01
1.000000000000000000e+00
-9.529411792755126953e-01
4.039215743541717529e-01
-1.960784383118152618e-02
-9.058823585510253906e-01
8.588235378265380859e-01
-1.000000000000000000e+00
3.647058904170989990e-01
1.843137294054031372e-01
-6.627451181411743164e-01
1.000000000000000000e+00
-8.196078538894653320e-01
5.843137502670288086e-01
2.705882489681243896e-01
-8.431372642517089844e-01
9.450980424880981445e-01
-1.000000000000000000e+00
3.176470696926116943e-01
-1.176470611244440079e-02
-9.607843160629272461e-01
1.000000000000000000e+00
-9.372549057006835938e-01
6.235294342041015625e-01
2.549019753932952881e-01
-6.235294342041015625e-01
1.000000000000000000e+00
-9.450980424880981445e-01
4.117647111415863037e-01
-1.176470611244440079e-02
-9.058823585510253906e-01
8.588235378265380859e-01
-1.000000000000000000e+00
3.647058904170989990e-01
1.921568661928176880e-01
-6.627451181411743164e-01
1.000000000000000000e+00
-8.117647171020507812e-01
5.843137502670288086e-01
2.784313857555389404e-01
-8.352941274642944336e-01
9.450980424880981445e-01
-1.000000000000000000e+00
3.098039329051971436e-01
-3.921568859368562698e-03
-9.607843160629272461e-01
1.000000000000000000e+00
-9.372549057006835938e-01
6.156862974166870117e-01
2.549019753932952881e-01
-6.235294342041015625e-01
1.000000000000000000e+00
-9.529411792755126953e-01
4.117647111415863037e-01
-1.176470611244440079e-02
-9.058823585510253906e-01
8.588235378265380859e-01
-1.000000000000000000e+00
3.647058904170989990e-01
1.921568661928176880e-01
-6.627451181411743164e-01
1.000000000000000000e+00
-8.196078538894653320e-01
5.843137502670288086e-01
2.784313857555389404e-01
-8.431372642517089844e-01
9.450980424880981445e-01
-1.000000000000000000e+00
3.176470696926116943e-01
-3.921568859368562698e-03
-9.529411792755126953e-01
1.000000000000000000e+00
-9.372549057006835938e-01
6.156862974166870117e-01
2.627451121807098389e-01
-6.235294342041015625e-01
1.000000000000000000e+00
-9.450980424880981445e-01
4.117647111415863037e-01
-1.176470611244440079e-02
-9.058823585510253906e-01
8.588235378265380859e-01
-1.000000000000000000e+00
3.647058904170989990e-01
1.843137294054031372e-01
-6.627451181411743164e-01
1.000000000000000000e+00
-8.196078538894653320e-01
5.843137502670288086e-01
2.784313857555389404e-01
-8.431372642517089844e-01
9.450980424880981445e-01
-1.000000000000000000e+00
3.098039329051971436e-01
-3.921568859368562698e-03
-9.607843160629272461e-01
1.000000000000000000e+00
-9.372549057006835938e-01
6.078431606292724609e-01
2.549019753932952881e-01
-6.235294342041015625e-01
1.000000000000000000e+00
-9.450980424880981445e-01
4.039215743541717529e-01
-1.960784383118152618e-02
-9.137254953384399414e-01
8.588235378265380859e-01
-1.000000000000000000e+00
3.647058904170989990e-01
1.921568661928176880e-01
-6.705882549285888672e-01
1.000000000000000000e+00
-8.117647171020507812e-01
5.843137502670288086e-01
2.784313857555389404e-01
-8.431372642517089844e-01
9.450980424880981445e-01
-1.000000000000000000e+00
3.098039329051971436e-01
-3.921568859368562698e-03
-9.529411792755126953e-01
1.000000000000000000e+00
-9.372549057006835938e-01
6.078431606292724609e-01
2.627451121807098389e-01
-6.235294342041015625e-01
1.000000000000000000e+00
-9.450980424880981445e-01
4.039215743541717529e-01
-1.960784383118152618e-02
-9.137254953384399414e-01
8.588235378265380859e-01
-1.000000000000000000e+00
3.647058904170989990e-01
1.843137294054031372e-01
-6.627451181411743164e-01
1.000000000000000000e+00
-8.117647171020507812e-01
5.843137502670288086e-01
2.784313857555389404e-01
-8.509804010391235352e-01
9.450980424880981445e-01
-1.000000000000000000e+00
3.098039329051971436e-01
-3.921568859368562698e-03
-9.529411792755126953e-01
1.000000000000000000e+00
-9.372549057006835938e-01
6.156862974166870117e-01
2.627451121807098389e-01
-6.235294342041015625e-01
1.000000000000000000e+00
-9.450980424880981445e-01
3.960784375667572021e-01
-1.176470611244440079e-02
-9.137254953384399414e-01
8.588235378265380859e-01
-1.000000000000000000e+00
3.647058904170989990e-01
1.921568661928176880e-01
-6.627451181411743164e-01
1.000000000000000000e+00
-8.117647171020507812e-01
5.843137502670288086e-01
2.784313857555389404e-01
-8.431372642517089844e-01
9.372549057006835938e-01
-1.000000000000000000e+00
3.098039329051971436e-01
-3.921568859368562698e-03
-9.529411792755126953e-01
1.000000000000000000e+00
-9.372549057006835938e-01
6.156862974166870117e-01
2.549019753932952881e-01
-6.313725709915161133e-01
3.960784375667572021e-01
-2.745098061859607697e-02
-4.980392158031463623e-01
5.686274766921997070e-01
-1.686274558305740356e-01
-3.882353007793426514e-01
4.980392158031463623e-01
-1.529411822557449341e-01
-3.725490272045135498e-01
4.352941215038299561e-01
-5.098039284348487854e-02
-5.137255191802978516e-01
6.078431606292724609e-01
-2.392156869173049927e-01
-3.019607961177825928e-01
3.960784375667572021e-01
-2.745098061859607697e-02
-4.980392158031463623e-01
5.686274766921997070e-01
-1.686274558305740356e-01
-3.882353007793426514e-01
4.980392158031463623e-01
-1.529411822557449341e-01
-3.725490272045135498e-01
4.274509847164154053e-01
-5.098039284348487854e-02
-5.137255191802978516e-01
6.078431606292724609e-01
-2.392156869173049927e-01
-3.019607961177825928e-01
3.882353007793426514e-01
-3.529411926865577698e-02
-4.980392158031463623e-01
5.686274766921997070e-01
-1.686274558305740356e-01
-3.882353007793426514e-01
5.058823823928833008e-01
-1.529411822557449341e-01
-3.647058904170989990e-01
4.274509847164154053e-01
-5.098039284348487854e-02
-5.137255191802978516e-01
6.078431606292724609e-01
-2.470588237047195435e-01
-3.019607961177825928e-01
3.882353007793426514e-01
-2.745098061859607697e-02
-4.980392158031463623e-01
5.686274766921997070e-01
-1.686274558305740356e-01
-3.882353007793426514e-01
4.980392158031463623e-01
-1.529411822557449341e-01
-3.725490272045135498e-01
4.274509847164154053e-01
-5.098039284348487854e-02
-5.137255191802978516e-01
6.000000238418579102e-01
-2.392156869173049927e-01
-3.019607961177825928e-01
3.882353007793426514e-01
-2.745098061859607697e-02
-4.980392158031463623e-01
5.686274766921997070e-01
-1.686274558305740356e-01
-3.882353007793426514e-01
4.980392158031463623e-01
-1.529411822557449341e-01
-3.725490272045135498e-01
4.274509847164154053e-01
-5.098039284348487854e-02
-5.137255191802978516e-01
6.000000238418579102e-01
-2.392156869173049927e-01
-3.019607961177825928e-01
3.882353007793426514e-01
-3.529411926865577698e-02
-4.980392158031463623e-01
5.686274766921997070e-01
-1.686274558305740356e-01
-3.882353007793426514e-01
4.980392158031463623e-01
-1.529411822557449341e-01
-3.647058904170989990e-01
4.274509847164154053e-01
-5.098039284348487854e-02
-5.137255191802978516e-01
6.000000238418579102e-01
-2.392156869173049927e-01
-3.019607961177825928e-01
3.882353007793426514e-01
-2.745098061859607697e-02
-4.980392158031463623e-01
5.686274766921997070e-01
-1.686274558305740356e-01
-3.882353007793426514e-01
4.980392158031463623e-01
-1.529411822557449341e-01
-3.725490272045135498e-01
4.274509847164154053e-01
-4.313725605607032776e-02
-5.137255191802978516e-01
6.078431606292724609e-01
-2.392156869173049927e-01
-3.019607961177825928e-01
3.960784375667572021e-01
-2.745098061859607697e-02
-4.980392158031463623e-01
5.686274766921997070e-01
-1.686274558305740356e-01
-3.882353007793426514e-01
4.980392158031463623e-01
-1.529411822557449341e-01
-3.725490272045135498e-01
4.274509847164154053e-01
-5.098039284348487854e-02
-5.137255191802978516e-01
6.078431606292724609e-01
-2.392156869173049927e-01
-3.019607961177825928e-01
3.960784375667572021e-01
-2.745098061859607697e-02
-4.980392158031463623e-01
5.686274766921997070e-01
-1.686274558305740356e-01
-3.882353007793426514e-01
4.980392158031463623e-01
-1.529411822557449341e-01
-3.725490272045135498e-01
4.274509847164154053e-01
-5.098039284348487854e-02
-5.137255191802978516e-01
6.000000238418579102e-01
-2.392156869173049927e-01
-3.098039329051971436e-01
3.882353007793426514e-01
-2.745098061859607697e-02
-4.980392158031463623e-01
5.686274766921997070e-01
-1.686274558305740356e-01
-3.882353007793426514e-01
4.980392158031463623e-01
-1.529411822557449341e-01
-3.725490272045135498e-01
4.274509847164154053e-01
-5.098039284348487854e-02
-5.137255191802978516e-01
6.078431606292724609e-01
-2.392156869173049927e-01
-3.019607961177825928e-01
3.960784375667572021e-01
-2.745098061859607697e-02
-4.980392158031463623e-01
5.686274766921997070e-01
-1.686274558305740356e-01
-3.882353007793426514e-01
4.980392158031463623e-01
-1.529411822557449341e-01
-3.725490272045135498e-01
4.274509847164154053e-01
-5.098039284348487854e-02
-5.137255191802978516e-01
6.078431606292724609e-01
-2.392156869173049927e-01
-3.019607961177825928e-01
3.882353007793426514e-01
-2.745098061859607697e-02
-4.980392158031463623e-01
5.686274766921997070e-01
-1.686274558305740356e-01
-3.882353007793426514e-01
4.980392158031463623e-01
-1.529411822557449341e-01
-3.725490272045135498e-01
4.274509847164154053e-01
-5.098039284348487854e-02
-5.137255191802978516e-01
6.078431606292724609e-01
-2.392156869173049927e-01
-3.019607961177825928e-01
3.882353007793426514e-01
-2.745098061859607697e-02
-4.980392158031463623e-01
5.686274766921997070e-01
-1.686274558305740356e-01
-3.882353007793426514e-01
4.980392158031463623e-01
-1.529411822557449341e-01
6.000000238418579102e-01
-2.392156869173049927e-01
-3.019607961177825928e-01
3.882353007793426514e-01
-2.745098061859607697e-02
-4.980392158031463623e-01
5.686274766921997070e-01
-1.686274558305740356e-01
-3.882353007793426514e-01
4.980392158031463623e-01
-1.529411822557449341e-01
-3.725490272045135498e-01
4.274509847164154053e-01
-4.313725605607032776e-02
-5.137255191802978516e-01
6.000000238418579102e-01
-2.392156869173049927e-01
-3.019607961177825928e-01
3.882353007793426514e-01
-2.745098061859607697e-02
-4.980392158031463623e-01
5.607843399047851562e-01
-1.686274558305740356e-01
-3.882353007793426514e-01
4.980392158031463623e-01
-1.450980454683303833e-01
-3.725490272045135498e-01
4.274509847164154053e-01
-4.313725605607032776e-02
-5.137255191802978516e-01
6.078431606292724609e-01
-2.392156869173049927e-01
-3.019607961177825928e-01
3.882353007793426514e-01
-2.745098061859607697e-02
-4.980392158031463623e-01
5.686274766921997070e-01
-1.686274558305740356e-01
-3.882353007793426514e-01
4.980392158031463623e-01
-1.529411822557449341e-01
-3.725490272045135498e-01
4.274509847164154053e-01
-4.313725605607032776e-02
-5.137255191802978516e-01
6.000000238418579102e-01
-2.392156869173049927e-01
-3.019607961177825928e-01
3.882353007793426514e-01
-2.745098061859607697e-02
-4.980392158031463623e-01
5.686274766921997070e-01
-1.686274558305740356e-01
-3.882353007793426514e-01
4.980392158031463623e-01
-1.529411822557449341e-01
-3.725490272045135498e-01
4.274509847164154053e-01
-5.098039284348487854e-02
-5.137255191802978516e-01
6.078431606292724609e-01
-2.392156869173049927e-01
-3.019607961177825928e-01
3.882353007793426514e-01
-2.745098061859607697e-02
-4.980392158031463623e-01
5.686274766921997070e-01
-1.686274558305740356e-01
