-6.862745285034179688e-01
-5.686274766921997070e-01
5.137255191802978516e-01
7.019608020782470703e-01
-3.176470696926116943e-01
-8.039215803146362305e-01
7.450980693101882935e-02
8.196078538894653320e-01
1.529411822557449341e-01
-7.882353067398071289e-01
-3.803921639919281006e-01
6.705882549285888672e-01
5.764706134796142578e-01
-5.294117927551269531e-01
-7.254902124404907227e-01
3.176470696926116943e-01
7.882353067398071289e-01
-8.235294371843338013e-02
-8.274509906768798828e-01
-1.607843190431594849e-01
7.725490331649780273e-01
3.647058904170989990e-01
-6.862745285034179688e-01
-5.764706134796142578e-01
5.058823823928833008e-01
7.019608020782470703e-01
-3.176470696926116943e-01
-8.117647171020507812e-01
7.450980693101882935e-02
8.196078538894653320e-01
1.450980454683303833e-01
-7.882353067398071289e-01
-3.803921639919281006e-01
6.705882549285888672e-01
5.607843399047851562e-01
-5.215686559677124023e-01
-7.176470756530761719e-01
3.019607961177825928e-01
7.882353067398071289e-01
-9.019608050584793091e-02
-8.352941274642944336e-01
-1.529411822557449341e-01
7.803921699523925781e-01
3.647058904170989990e-01
-6.862745285034179688e-01
-5.764706134796142578e-01
5.137255191802978516e-01
7.176470756530761719e-01
-3.098039329051971436e-01
-8.117647171020507812e-01
7.450980693101882935e-02
8.196078538894653320e-01
1.529411822557449341e-01
-7.882353067398071289e-01
-3.803921639919281006e-01
6.705882549285888672e-01
5.607843399047851562e-01
-5.215686559677124023e-01
-7.176470756530761719e-01
3.019607961177825928e-01
7.960784435272216797e-01
-8.235294371843338013e-02
-8.274509906768798828e-01
-1.607843190431594849e-01
7.803921699523925781e-01
3.725490272045135498e-01
-6.784313917160034180e-01
-5.686274766921997070e-01
5.137255191802978516e-01
7.098039388656616211e-01
-3.176470696926116943e-01
-8.117647171020507812e-01
8.235294371843338013e-02
8.274509906768798828e-01
1.450980454683303833e-01
-7.882353067398071289e-01
-3.725490272045135498e-01
6.705882549285888672e-01
5.607843399047851562e-01
-5.137255191802978516e-01
-7.176470756530761719e-01
3.098039329051971436e-01
7.960784435272216797e-01
-8.235294371843338013e-02
-8.274509906768798828e-01
-1.686274558305740356e-01
7.803921699523925781e-01
3.725490272045135498e-01
-6.862745285034179688e-01
-5.686274766921997070e-01
5.137255191802978516e-01
7.098039388656616211e-01
-3.176470696926116943e-01
-8.117647171020507812e-01
8.235294371843338013e-02
8.196078538894653320e-01
1.450980454683303833e-01
-7.882353067398071289e-01
-3.803921639919281006e-01
6.627451181411743164e-01
5.607843399047851562e-01
-5.215686559677124023e-01
-7.254902124404907227e-01
3.019607961177825928e-01
7.960784435272216797e-01
-9.019608050584793091e-02
-8.352941274642944336e-01
-1.529411822557449341e-01
7.803921699523925781e-01
3.647058904170989990e-01
-6.784313917160034180e-01
-5.686274766921997070e-01
5.058823823928833008e-01
7.019608020782470703e-01
-3.176470696926116943e-01
-8.117647171020507812e-01
8.235294371843338013e-02
8.196078538894653320e-01
1.529411822557449341e-01
-7.803921699523925781e-01
-3.803921639919281006e-01
6.705882549285888672e-01
5.607843399047851562e-01
-5.215686559677124023e-01
-7.176470756530761719e-01
3.098039329051971436e-01
7.960784435272216797e-01
-9.019608050584793091e-02
-8.274509906768798828e-01
-1.529411822557449341e-01
7.803921699523925781e-01
3.647058904170989990e-01
-6.862745285034179688e-01
-5.686274766921997070e-01
5.137255191802978516e-01
7.098039388656616211e-01
-3.176470696926116943e-01
-8.117647171020507812e-01
8.235294371843338013e-02
8.196078538894653320e-01
1.450980454683303833e-01
-7.882353067398071289e-01
-3.725490272045135498e-01
6.705882549285888672e-01
5.607843399047851562e-01
-5.215686559677124023e-01
-7.176470756530761719e-01
3.019607961177825928e-01
8.039215803146362305e-01
-8.235294371843338013e-02
-8.274509906768798828e-01
-1.529411822557449341e-01
7.725490331649780273e-01
3.725490272045135498e-01
-6.784313917160034180e-01
-5.607843399047851562e-01
5.137255191802978516e-01
6.941176652908325195e-01
-3.176470696926116943e-01
-8.117647171020507812e-01
7.450980693101882935e-02
8.274509906768798828e-01
1.529411822557449341e-01
-7.882353067398071289e-01
-3.803921639919281006e-01
6.627451181411743164e-01
5.607843399047851562e-01
-5.137255191802978516e-01
-7.176470756530761719e-01
3.019607961177825928e-01
7.960784435272216797e-01
-9.019608050584793091e-02
-8.352941274642944336e-01
-1.607843190431594849e-01
7.725490331649780273e-01
3.647058904170989990e-01
-6.784313917160034180e-01
-5.764706134796142578e-01
5.058823823928833008e-01
7.098039388656616211e-01
-3.176470696926116943e-01
-8.117647171020507812e-01
7.450980693101882935e-02
8.196078538894653320e-01
1.450980454683303833e-01
-7.882353067398071289e-01
-3.725490272045135498e-01
6.705882549285888672e-01
5.607843399047851562e-01
-5.215686559677124023e-01
-7.176470756530761719e-01
3.098039329051971436e-01
7.960784435272216797e-01
-9.019608050584793091e-02
-8.352941274642944336e-01
-1.529411822557449341e-01
7.725490331649780273e-01
3.647058904170989990e-01
-6.862745285034179688e-01
-5.764706134796142578e-01
5.137255191802978516e-01
7.098039388656616211e-01
-3.098039329051971436e-01
-8.117647171020507812e-01
7.450980693101882935e-02
8.196078538894653320e-01
1.529411822557449341e-01
-7.803921699523925781e-01
-3.803921639919281006e-01
6.705882549285888672e-01
5.607843399047851562e-01
-5.137255191802978516e-01
-7.176470756530761719e-01
3.098039329051971436e-01
7.960784435272216797e-01
-9.019608050584793091e-02
-8.352941274642944336e-01
-1.529411822557449341e-01
7.725490331649780273e-01
3.725490272045135498e-01
-6.705882549285888672e-01
-5.764706134796142578e-01
5.058823823928833008e-01
7.098039388656616211e-01
-3.176470696926116943e-01
-8.039215803146362305e-01
7.450980693101882935e-02
8.274509906768798828e-01
1.450980454683303833e-01
-7.960784435272216797e-01
-3.725490272045135498e-01
6.705882549285888672e-01
5.607843399047851562e-01
-5.137255191802978516e-01
-7.176470756530761719e-01
3.098039329051971436e-01
7.960784435272216797e-01
-9.019608050584793091e-02
-8.352941274642944336e-01
-1.529411822557449341e-01
7.725490331649780273e-01
3.725490272045135498e-01
-6.862745285034179688e-01
-5.764706134796142578e-01
5.137255191802978516e-01
7.098039388656616211e-01
-3.176470696926116943e-01
-8.117647171020507812e-01
7.450980693101882935e-02
8.117647171020507812e-01
1.450980454683303833e-01
-7.803921699523925781e-01
-3.803921639919281006e-01
6.627451181411743164e-01
5.607843399047851562e-01
-5.215686559677124023e-01
-7.176470756530761719e-01
3.098039329051971436e-01
7.960784435272216797e-01
-9.019608050584793091e-02
-8.352941274642944336e-01
-1.607843190431594849e-01
7.725490331649780273e-01
3.725490272045135498e-01
-6.862745285034179688e-01
-5.764706134796142578e-01
5.058823823928833008e-01
7.098039388656616211e-01
-3.098039329051971436e-01
-8.039215803146362305e-01
7.450980693101882935e-02
8.196078538894653320e-01
1.450980454683303833e-01
-7.882353067398071289e-01
-3.725490272045135498e-01
6.705882549285888672e-01
5.607843399047851562e-01
-5.215686559677124023e-01
-7.176470756530761719e-01
3.098039329051971436e-01
7.960784435272216797e-01
-9.019608050584793091e-02
-8.352941274642944336e-01
-1.529411822557449341e-01
7.803921699523925781e-01
3.647058904170989990e-01
-6.862745285034179688e-01
-5.686274766921997070e-01
5.058823823928833008e-01
7.098039388656616211e-01
-3.098039329051971436e-01
-8.039215803146362305e-01
8.235294371843338013e-02
8.196078538894653320e-01
1.450980454683303833e-01
-7.882353067398071289e-01
-3.803921639919281006e-01
6.705882549285888672e-01
5.686274766921997070e-01
-5.215686559677124023e-01
-7.176470756530761719e-01
3.098039329051971436e-01
7.960784435272216797e-01
-8.235294371843338013e-02
-8.274509906768798828e-01
-1.529411822557449341e-01
7.725490331649780273e-01
3.725490272045135498e-01
-6.862745285034179688e-01
-5.764706134796142578e-01
5.058823823928833008e-01
7.098039388656616211e-01
-3.176470696926116943e-01
-8.039215803146362305e-01
7.450980693101882935e-02
8.196078538894653320e-01
1.450980454683303833e-01
-7.882353067398071289e-01
-3.803921639919281006e-01
6.705882549285888672e-01
5.529412031173706055e-01
-5.215686559677124023e-01
-7.176470756530761719e-01
3.019607961177825928e-01
7.960784435272216797e-01
-9.019608050584793091e-02
-8.352941274642944336e-01
-1.529411822557449341e-01
7.725490331649780273e-01
3.647058904170989990e-01
-6.784313917160034180e-01
-5.686274766921997070e-01
5.058823823928833008e-01
7.098039388656616211e-01
-3.176470696926116943e-01
-8.039215803146362305e-01
8.235294371843338013e-02
8.117647171020507812e-01
1.529411822557449341e-01
-7.882353067398071289e-01
-3.725490272045135498e-01
6.705882549285888672e-01
5.607843399047851562e-01
-5.215686559677124023e-01
-7.176470756530761719e-01
3.098039329051971436e-01
7.960784435272216797e-01
-9.019608050584793091e-02
-8.352941274642944336e-01
-1.529411822557449341e-01
7.803921699523925781e-01
3.725490272045135498e-01
-6.784313917160034180e-01
-5.686274766921997070e-01
5.058823823928833008e-01
7.098039388656616211e-01
-3.176470696926116943e-01
-8.039215803146362305e-01
7.450980693101882935e-02
8.196078538894653320e-01
1.529411822557449341e-01
-7.882353067398071289e-01
-3.803921639919281006e-01
6.705882549285888672e-01
5.607843399047851562e-01
-5.137255191802978516e-01
-7.176470756530761719e-01
3.098039329051971436e-01
7.960784435272216797e-01
-9.019608050584793091e-02
-8.274509906768798828e-01
-1.529411822557449341e-01
7.803921699523925781e-01
3.725490272045135498e-01
-6.784313917160034180e-01
-5.764706134796142578e-01
5.058823823928833008e-01
7.098039388656616211e-01
-3.176470696926116943e-01
-8.117647171020507812e-01
7.450980693101882935e-02
8.196078538894653320e-01
1.450980454683303833e-01
-7.882353067398071289e-01
-3.803921639919281006e-01
6.705882549285888672e-01
5.529412031173706055e-01
-5.215686559677124023e-01
-7.176470756530761719e-01
3.019607961177825928e-01
7.960784435272216797e-01
-9.019608050584793091e-02
-8.352941274642944336e-01
-1.607843190431594849e-01
7.725490331649780273e-01
3.725490272045135498e-01
-6.862745285034179688e-01
-5.764706134796142578e-01
5.058823823928833008e-01
7.019608020782470703e-01
-3.176470696926116943e-01
-8.039215803146362305e-01
7.450980693101882935e-02
8.196078538894653320e-01
1.450980454683303833e-01
-7.882353067398071289e-01
-3.803921639919281006e-01
6.705882549285888672e-01
5.607843399047851562e-01
-5.215686559677124023e-01
-7.176470756530761719e-01
3.098039329051971436e-01
7.960784435272216797e-01
-8.235294371843338013e-02
-8.274509906768798828e-01
-1.529411822557449341e-01
7.725490331649780273e-01
3.725490272045135498e-01
-6.784313917160034180e-01
-5.764706134796142578e-01
5.137255191802978516e-01
7.098039388656616211e-01
-3.176470696926116943e-01
-8.039215803146362305e-01
8.235294371843338013e-02
8.196078538894653320e-01
1.450980454683303833e-01
-7.882353067398071289e-01
-3.725490272045135498e-01
6.705882549285888672e-01
5.607843399047851562e-01
-5.215686559677124023e-01
-7.176470756530761719e-01
3.176470696926116943e-01
7.960784435272216797e-01
-8.235294371843338013e-02
-8.352941274642944336e-01
-1.529411822557449341e-01
7.725490331649780273e-01
3.725490272045135498e-01
-6.784313917160034180e-01
-5.686274766921997070e-01
5.058823823928833008e-01
7.098039388656616211e-01
-3.176470696926116943e-01
-8.039215803146362305e-01
8.235294371843338013e-02
8.196078538894653320e-01
1.450980454683303833e-01
-7.882353067398071289e-01
-3.803921639919281006e-01
6.705882549285888672e-01
5.607843399047851562e-01
-5.215686559677124023e-01
-7.176470756530761719e-01
3.019607961177825928e-01
7.960784435272216797e-01
-9.019608050584793091e-02
-8.274509906768798828e-01
-1.529411822557449341e-01
7.725490331649780273e-01
3.725490272045135498e-01
-6.784313917160034180e-01
-5.764706134796142578e-01
5.058823823928833008e-01
7.098039388656616211e-01
-3.176470696926116943e-01
-8.039215803146362305e-01
8.235294371843338013e-02
8.196078538894653320e-01
1.450980454683303833e-01
-7.882353067398071289e-01
-3.803921639919281006e-01
6.705882549285888672e-01
5.607843399047851562e-01
-5.215686559677124023e-01
-7.176470756530761719e-01
3.098039329051971436e-01
7.960784435272216797e-01
-8.235294371843338013e-02
-8.274509906768798828e-01
-1.529411822557449341e-01
7.725490331649780273e-01
3.725490272045135498e-01
-6.784313917160034180e-01
-5.686274766921997070e-01
5.058823823928833008e-01
7.019608020782470703e-01
-3.176470696926116943e-01
-8.039215803146362305e-01
8.235294371843338013e-02
8.196078538894653320e-01
1.529411822557449341e-01
-7.882353067398071289e-01
-3.803921639919281006e-01
6.705882549285888672e-01
5.607843399047851562e-01
-5.137255191802978516e-01
-7.176470756530761719e-01
3.019607961177825928e-01
7.960784435272216797e-01
-9.019608050584793091e-02
-8.352941274642944336e-01
-1.529411822557449341e-01
7.725490331649780273e-01
3.725490272045135498e-01
-6.784313917160034180e-01
-5.764706134796142578e-01
5.058823823928833008e-01
7.098039388656616211e-01
-3.176470696926116943e-01
-8.117647171020507812e-01
7.450980693101882935e-02
8.196078538894653320e-01
1.450980454683303833e-01
-7.882353067398071289e-01
-3.803921639919281006e-01
6.705882549285888672e-01
5.607843399047851562e-01
-5.137255191802978516e-01
-7.176470756530761719e-01
3.019607961177825928e-01
7.960784435272216797e-01
-9.019608050584793091e-02
-8.352941274642944336e-01
-1.529411822557449341e-01
7.725490331649780273e-01
3.647058904170989990e-01
-6.784313917160034180e-01
-5.686274766921997070e-01
5.058823823928833008e-01
7.098039388656616211e-01
-3.176470696926116943e-01
-8.117647171020507812e-01
7.450980693101882935e-02
8.196078538894653320e-01
1.529411822557449341e-01
-7.882353067398071289e-01
-3.803921639919281006e-01
6.705882549285888672e-01
5.607843399047851562e-01
-5.137255191802978516e-01
-7.176470756530761719e-01
3.098039329051971436e-01
7.960784435272216797e-01
-9.019608050584793091e-02
-8.274509906768798828e-01
-1.529411822557449341e-01
7.803921699523925781e-01
3.725490272045135498e-01
-6.784313917160034180e-01
-5.686274766921997070e-01
5.058823823928833008e-01
7.098039388656616211e-01
-3.176470696926116943e-01
-8.117647171020507812e-01
7.450980693101882935e-02
8.196078538894653320e-01
1.450980454683303833e-01
-7.882353067398071289e-01
-3.803921639919281006e-01
6.705882549285888672e-01
5.607843399047851562e-01
-5.215686559677124023e-01
-7.176470756530761719e-01
3.098039329051971436e-01
7.960784435272216797e-01
-8.235294371843338013e-02
-8.274509906768798828e-01
-1.607843190431594849e-01
7.725490331649780273e-01
3.725490272045135498e-01
-6.784313917160034180e-01
-5.686274766921997070e-01
5.137255191802978516e-01
7.019608020782470703e-01
-3.176470696926116943e-01
-8.039215803146362305e-01
7.450980693101882935e-02
8.196078538894653320e-01
1.450980454683303833e-01
-7.882353067398071289e-01
-3.803921639919281006e-01
6.705882549285888672e-01
5.607843399047851562e-01
-5.215686559677124023e-01
-7.176470756530761719e-01
3.019607961177825928e-01
7.960784435272216797e-01
-9.019608050584793091e-02
-8.352941274642944336e-01
-1.529411822557449341e-01
7.725490331649780273e-01
3.647058904170989990e-01
-6.784313917160034180e-01
-5.686274766921997070e-01
5.058823823928833008e-01
7.019608020782470703e-01
-3.176470696926116943e-01
-8.117647171020507812e-01
7.450980693101882935e-02
8.196078538894653320e-01
1.450980454683303833e-01
-7.882353067398071289e-01
-3.803921639919281006e-01
6.705882549285888672e-01
5.607843399047851562e-01
-5.215686559677124023e-01
-7.176470756530761719e-01
3.098039329051971436e-01
7.960784435272216797e-01
-9.019608050584793091e-02
-8.352941274642944336e-01
-1.529411822557449341e-01
7.803921699523925781e-01
3.725490272045135498e-01
-6.784313917160034180e-01
-5.686274766921997070e-01
5.058823823928833008e-01
7.098039388656616211e-01
-3.098039329051971436e-01
-8.117647171020507812e-01
8.235294371843338013e-02
8.196078538894653320e-01
1.450980454683303833e-01
-7.882353067398071289e-01
-3.725490272045135498e-01
6.705882549285888672e-01
5.607843399047851562e-01
-5.137255191802978516e-01
-7.176470756530761719e-01
3.098039329051971436e-01
7.960784435272216797e-01
-9.019608050584793091e-02
-8.274509906768798828e-01
-1.529411822557449341e-01
7.803921699523925781e-01
3.725490272045135498e-01
-6.784313917160034180e-01
-5.686274766921997070e-01
5.137255191802978516e-01
7.098039388656616211e-01
-3.176470696926116943e-01
-8.039215803146362305e-01
8.235294371843338013e-02
8.196078538894653320e-01
1.450980454683303833e-01
-7.882353067398071289e-01
-3.803921639919281006e-01
6.705882549285888672e-01
5.529412031173706055e-01
-5.215686559677124023e-01
-7.176470756530761719e-01
3.019607961177825928e-01
7.960784435272216797e-01
-9.019608050584793091e-02
-8.352941274642944336e-01
-1.607843190431594849e-01
7.725490331649780273e-01
3.725490272045135498e-01
-6.862745285034179688e-01
-5.686274766921997070e-01
5.058823823928833008e-01
7.098039388656616211e-01
-3.176470696926116943e-01
-8.039215803146362305e-01
8.235294371843338013e-02
8.196078538894653320e-01
1.450980454683303833e-01
-7.882353067398071289e-01
-3.803921639919281006e-01
6.627451181411743164e-01
5.607843399047851562e-01
-5.215686559677124023e-01
-7.176470756530761719e-01
3.098039329051971436e-01
7.960784435272216797e-01
-9.019608050584793091e-02
-8.274509906768798828e-01
-1.529411822557449341e-01
7.803921699523925781e-01
3.725490272045135498e-01
-6.784313917160034180e-01
-5.686274766921997070e-01
5.058823823928833008e-01
7.098039388656616211e-01
-3.098039329051971436e-01
-8.039215803146362305e-01
7.450980693101882935e-02
8.196078538894653320e-01
1.450980454683303833e-01
-7.882353067398071289e-01
-3.803921639919281006e-01
6.705882549285888672e-01
5.607843399047851562e-01
-5.215686559677124023e-01
-7.176470756530761719e-01
3.098039329051971436e-01
7.960784435272216797e-01
-9.019608050584793091e-02
-8.274509906768798828e-01
-1.529411822557449341e-01
7.803921699523925781e-01
3.725490272045135498e-01
-6.784313917160034180e-01
-5.686274766921997070e-01
5.058823823928833008e-01
7.098039388656616211e-01
-3.176470696926116943e-01
-8.117647171020507812e-01
8.235294371843338013e-02
8.196078538894653320e-01
1.450980454683303833e-01
-7.882353067398071289e-01
-3.803921639919281006e-01
6.705882549285888672e-01
5.529412031173706055e-01
-5.137255191802978516e-01
-7.176470756530761719e-01
3.019607961177825928e-01
7.960784435272216797e-01
-9.019608050584793091e-02
-8.352941274642944336e-01
-1.607843190431594849e-01
7.725490331649780273e-01
3.725490272045135498e-01
-6.862745285034179688e-01
-5.764706134796142578e-01
5.058823823928833008e-01
7.098039388656616211e-01
-3.176470696926116943e-01
-8.039215803146362305e-01
7.450980693101882935e-02
8.196078538894653320e-01
1.450980454683303833e-01
-7.882353067398071289e-01
-3.803921639919281006e-01
6.705882549285888672e-01
5.607843399047851562e-01
-5.215686559677124023e-01
-7.176470756530761719e-01
3.019607961177825928e-01
7.960784435272216797e-01
-9.019608050584793091e-02
-8.352941274642944336e-01
-1.529411822557449341e-01
7.725490331649780273e-01
3.725490272045135498e-01
-6.784313917160034180e-01
-5.764706134796142578e-01
5.058823823928833008e-01
7.098039388656616211e-01
-3.176470696926116943e-01
-8.039215803146362305e-01
7.450980693101882935e-02
8.196078538894653320e-01
1.450980454683303833e-01
-7.882353067398071289e-01
-3.803921639919281006e-01
6.705882549285888672e-01
5.607843399047851562e-01
-5.137255191802978516e-01
-7.176470756530761719e-01
3.098039329051971436e-01
7.960784435272216797e-01
-9.019608050584793091e-02
-8.274509906768798828e-01
-1.529411822557449341e-01
7.725490331649780273e-01
3.725490272045135498e-01
-6.784313917160034180e-01
-5.764706134796142578e-01
5.058823823928833008e-01
7.098039388656616211e-01
-3.098039329051971436e-01
-8.039215803146362305e-01
8.235294371843338013e-02
8.196078538894653320e-01
1.450980454683303833e-01
-7.882353067398071289e-01
-3.725490272045135498e-01
6.705882549285888672e-01
5.607843399047851562e-01
-5.215686559677124023e-01
-7.176470756530761719e-01
3.098039329051971436e-01
7.960784435272216797e-01
-9.019608050584793091e-02
-8.352941274642944336e-01
-1.529411822557449341e-01
7.725490331649780273e-01
3.647058904170989990e-01
-6.862745285034179688e-01
-5.686274766921997070e-01
5.058823823928833008e-01
7.019608020782470703e-01
-3.176470696926116943e-01
-8.117647171020507812e-01
7.450980693101882935e-02
8.196078538894653320e-01
1.450980454683303833e-01
-7.882353067398071289e-01
-3.803921639919281006e-01
6.705882549285888672e-01
5.607843399047851562e-01
-5.215686559677124023e-01
-7.254902124404907227e-01
3.019607961177825928e-01
7.960784435272216797e-01
-9.019608050584793091e-02
-8.352941274642944336e-01
-1.607843190431594849e-01
7.803921699523925781e-01
3.725490272045135498e-01
-6.784313917160034180e-01
-5.764706134796142578e-01
5.058823823928833008e-01
7.019608020782470703e-01
-3.176470696926116943e-01
-8.039215803146362305e-01
8.235294371843338013e-02
8.196078538894653320e-01
1.450980454683303833e-01
-7.882353067398071289e-01
-3.803921639919281006e-01
6.705882549285888672e-01
5.607843399047851562e-01
-5.215686559677124023e-01
-7.176470756530761719e-01
3.019607961177825928e-01
7.960784435272216797e-01
-8.235294371843338013e-02
-8.274509906768798828e-01
-1.529411822557449341e-01
7.725490331649780273e-01
3.647058904170989990e-01
-6.784313917160034180e-01
-5.686274766921997070e-01
5.137255191802978516e-01
7.098039388656616211e-01
-3.176470696926116943e-01
-8.039215803146362305e-01
7.450980693101882935e-02
8.196078538894653320e-01
1.529411822557449341e-01
-7.882353067398071289e-01
-3.803921639919281006e-01
6.705882549285888672e-01
5.607843399047851562e-01
-5.137255191802978516e-01
-7.176470756530761719e-01
3.019607961177825928e-01
7.960784435272216797e-01
-9.019608050584793091e-02
-8.274509906768798828e-01
-1.529411822557449341e-01
7.803921699523925781e-01
3.647058904170989990e-01
-6.784313917160034180e-01
-5.764706134796142578e-01
5.058823823928833008e-01
7.098039388656616211e-01
-3.176470696926116943e-01
-8.117647171020507812e-01
7.450980693101882935e-02
8.196078538894653320e-01
1.450980454683303833e-01
-7.882353067398071289e-01
-3.803921639919281006e-01
6.705882549285888672e-01
5.607843399047851562e-01
-5.215686559677124023e-01
-7.176470756530761719e-01
3.019607961177825928e-01
7.960784435272216797e-01
-9.019608050584793091e-02
-8.274509906768798828e-01
-1.607843190431594849e-01
7.725490331649780273e-01
3.725490272045135498e-01
-6.862745285034179688e-01
-5.764706134796142578e-01
5.058823823928833008e-01
7.098039388656616211e-01
-3.176470696926116943e-01
-8.117647171020507812e-01
7.450980693101882935e-02
8.196078538894653320e-01
1.529411822557449341e-01
-7.882353067398071289e-01
-3.803921639919281006e-01
6.705882549285888672e-01
5.607843399047851562e-01
-5.215686559677124023e-01
-7.176470756530761719e-01
3.098039329051971436e-01
7.960784435272216797e-01
-9.019608050584793091e-02
-8.274509906768798828e-01
-1.529411822557449341e-01
7.725490331649780273e-01
3.647058904170989990e-01
-6.784313917160034180e-01
-5.686274766921997070e-01
5.137255191802978516e-01
7.019608020782470703e-01
-3.176470696926116943e-01
-8.039215803146362305e-01
8.235294371843338013e-02
8.196078538894653320e-01
1.450980454683303833e-01
-7.882353067398071289e-01
-3.803921639919281006e-01
6.705882549285888672e-01
5.607843399047851562e-01
-5.137255191802978516e-01
-7.254902124404907227e-01
3.019607961177825928e-01
7.960784435272216797e-01
-8.235294371843338013e-02
-8.274509906768798828e-01
-1.529411822557449341e-01
7.725490331649780273e-01
3.725490272045135498e-01
-6.862745285034179688e-01
-5.686274766921997070e-01
5.058823823928833008e-01
7.019608020782470703e-01
-3.176470696926116943e-01
-8.039215803146362305e-01
7.450980693101882935e-02
8.196078538894653320e-01
1.450980454683303833e-01
-7.882353067398071289e-01
-3.803921639919281006e-01
6.705882549285888672e-01
5.607843399047851562e-01
-5.215686559677124023e-01
-7.176470756530761719e-01
3.019607961177825928e-01
7.960784435272216797e-01
-9.019608050584793091e-02
-8.352941274642944336e-01
-1.607843190431594849e-01
7.725490331649780273e-01
3.725490272045135498e-01
-6.784313917160034180e-01
-5.764706134796142578e-01
5.058823823928833008e-01
7.098039388656616211e-01
-3.176470696926116943e-01
-8.039215803146362305e-01
7.450980693101882935e-02
8.274509906768798828e-01
1.450980454683303833e-01
-7.882353067398071289e-01
-3.803921639919281006e-01
6.705882549285888672e-01
5.607843399047851562e-01
-5.137255191802978516e-01
-7.176470756530761719e-01
3.019607961177825928e-01
7.960784435272216797e-01
-8.235294371843338013e-02
-8.274509906768798828e-01
-1.607843190431594849e-01
7.725490331649780273e-01
3.647058904170989990e-01
-6.784313917160034180e-01
-5.764706134796142578e-01
5.058823823928833008e-01
7.098039388656616211e-01
-3.176470696926116943e-01
-8.039215803146362305e-01
7.450980693101882935e-02
8.196078538894653320e-01
1.529411822557449341e-01
-7.882353067398071289e-01
-3.803921639919281006e-01
6.705882549285888672e-01
5.607843399047851562e-01
-5.137255191802978516e-01
-7.176470756530761719e-01
3.098039329051971436e-01
7.960784435272216797e-01
-8.235294371843338013e-02
-8.274509906768798828e-01
-1.529411822557449341e-01
7.725490331649780273e-01
3.725490272045135498e-01
-6.784313917160034180e-01
-5.764706134796142578e-01
5.058823823928833008e-01
7.098039388656616211e-01
-3.176470696926116943e-01
-8.117647171020507812e-01
8.235294371843338013e-02
8.196078538894653320e-01
1.450980454683303833e-01
-7.803921699523925781e-01
-3.882353007793426514e-01
6.705882549285888672e-01
5.607843399047851562e-01
-5.215686559677124023e-01
-7.176470756530761719e-01
3.098039329051971436e-01
7.882353067398071289e-01
-9.019608050584793091e-02
-8.274509906768798828e-01
-1.607843190431594849e-01
7.725490331649780273e-01
3.647058904170989990e-01
-6.862745285034179688e-01
-5.764706134796142578e-01
5.058823823928833008e-01
7.019608020782470703e-01
-3.176470696926116943e-01
-8.039215803146362305e-01
7.450980693101882935e-02
8.196078538894653320e-01
1.450980454683303833e-01
-7.882353067398071289e-01
-3.803921639919281006e-01
6.705882549285888672e-01
5.607843399047851562e-01
-5.215686559677124023e-01
-7.176470756530761719e-01
3.098039329051971436e-01
7.960784435272216797e-01
-8.235294371843338013e-02
-8.274509906768798828e-01
-1.529411822557449341e-01
7.725490331649780273e-01
3.725490272045135498e-01
-6.784313917160034180e-01
-5.686274766921997070e-01
5.137255191802978516e-01
7.098039388656616211e-01
-3.176470696926116943e-01
-8.039215803146362305e-01
8.235294371843338013e-02
8.196078538894653320e-01
1.529411822557449341e-01
-7.882353067398071289e-01
-3.803921639919281006e-01
6.705882549285888672e-01
5.607843399047851562e-01
-5.137255191802978516e-01
-7.176470756530761719e-01
3.098039329051971436e-01
7.960784435272216797e-01
-8.235294371843338013e-02
-8.274509906768798828e-01
-1.529411822557449341e-01
7.803921699523925781e-01
3.725490272045135498e-01
-6.784313917160034180e-01
-5.686274766921997070e-01
5.058823823928833008e-01
7.098039388656616211e-01
-3.098039329051971436e-01
-8.039215803146362305e-01
7.450980693101882935e-02
8.196078538894653320e-01
1.450980454683303833e-01
-7.882353067398071289e-01
-3.803921639919281006e-01
6.705882549285888672e-01
5.607843399047851562e-01
-5.215686559677124023e-01
-7.254902124404907227e-01
3.019607961177825928e-01
7.960784435272216797e-01
-9.019608050584793091e-02
-8.352941274642944336e-01
-1.607843190431594849e-01
7.725490331649780273e-01
3.647058904170989990e-01
-6.784313917160034180e-01
-5.764706134796142578e-01
5.058823823928833008e-01
7.098039388656616211e-01
-3.176470696926116943e-01
-8.039215803146362305e-01
7.450980693101882935e-02
8.196078538894653320e-01
1.450980454683303833e-01
-7.882353067398071289e-01
-3.803921639919281006e-01
6.705882549285888672e-01
5.607843399047851562e-01
-5.215686559677124023e-01
-7.176470756530761719e-01
3.019607961177825928e-01
7.960784435272216797e-01
-9.019608050584793091e-02
-8.274509906768798828e-01
-1.529411822557449341e-01
7.803921699523925781e-01
3.725490272045135498e-01
-6.784313917160034180e-01
-5.764706134796142578e-01
5.058823823928833008e-01
7.098039388656616211e-01
-3.176470696926116943e-01
-8.039215803146362305e-01
7.450980693101882935e-02
8.196078538894653320e-01
1.529411822557449341e-01
-7.882353067398071289e-01
-3.725490272045135498e-01
6.705882549285888672e-01
5.607843399047851562e-01
-5.137255191802978516e-01
-7.176470756530761719e-01
3.019607961177825928e-01
7.960784435272216797e-01
-8.235294371843338013e-02
-8.274509906768798828e-01
-1.529411822557449341e-01
7.725490331649780273e-01
3.725490272045135498e-01
-6.784313917160034180e-01
-5.686274766921997070e-01
5.058823823928833008e-01
7.098039388656616211e-01
-3.176470696926116943e-01
-8.039215803146362305e-01
8.235294371843338013e-02
8.196078538894653320e-01
1.450980454683303833e-01
-7.882353067398071289e-01
-3.803921639919281006e-01
6.627451181411743164e-01
5.607843399047851562e-01
-5.215686559677124023e-01
-7.176470756530761719e-01
3.019607961177825928e-01
7.960784435272216797e-01
-9.019608050584793091e-02
-8.274509906768798828e-01
-1.607843190431594849e-01
7.803921699523925781e-01
3.647058904170989990e-01
-6.862745285034179688e-01
-5.764706134796142578e-01
5.058823823928833008e-01
7.019608020782470703e-01
-3.176470696926116943e-01
-8.039215803146362305e-01
7.450980693101882935e-02
8.196078538894653320e-01
1.529411822557449341e-01
-7.882353067398071289e-01
-3.803921639919281006e-01
6.705882549285888672e-01
5.607843399047851562e-01
-5.137255191802978516e-01
-7.176470756530761719e-01
3.019607961177825928e-01
7.960784435272216797e-01
-8.235294371843338013e-02
-8.274509906768798828e-01
-1.607843190431594849e-01
7.725490331649780273e-01
3.725490272045135498e-01
-6.784313917160034180e-01
-5.686274766921997070e-01
5.058823823928833008e-01
7.098039388656616211e-01
-3.176470696926116943e-01
-8.039215803146362305e-01
7.450980693101882935e-02
8.196078538894653320e-01
1.450980454683303833e-01
-7.882353067398071289e-01
-3.803921639919281006e-01
6.705882549285888672e-01
5.607843399047851562e-01
-5.137255191802978516e-01
-7.176470756530761719e-01
3.098039329051971436e-01
7.960784435272216797e-01
-8.235294371843338013e-02
-8.274509906768798828e-01
-1.607843190431594849e-01
7.725490331649780273e-01
3.725490272045135498e-01
-6.784313917160034180e-01
-5.686274766921997070e-01
5.058823823928833008e-01
7.098039388656616211e-01
-3.176470696926116943e-01
-8.117647171020507812e-01
7.450980693101882935e-02
8.196078538894653320e-01
1.450980454683303833e-01
-7.882353067398071289e-01
-3.803921639919281006e-01
6.705882549285888672e-01
5.607843399047851562e-01
-5.137255191802978516e-01
-7.176470756530761719e-01
3.098039329051971436e-01
7.960784435272216797e-01
-9.019608050584793091e-02
-8.352941274642944336e-01
-1.607843190431594849e-01
7.725490331649780273e-01
3.725490272045135498e-01
-6.784313917160034180e-01
-5.686274766921997070e-01
5.058823823928833008e-01
7.098039388656616211e-01
-3.176470696926116943e-01
-8.117647171020507812e-01
7.450980693101882935e-02
8.117647171020507812e-01
1.450980454683303833e-01
-7.882353067398071289e-01
-3.803921639919281006e-01
6.705882549285888672e-01
5.607843399047851562e-01
-5.215686559677124023e-01
-7.176470756530761719e-01
3.019607961177825928e-01
7.960784435272216797e-01
-9.019608050584793091e-02
-8.352941274642944336e-01
-1.607843190431594849e-01
7.725490331649780273e-01
3.725490272045135498e-01
-6.784313917160034180e-01
-5.686274766921997070e-01
5.058823823928833008e-01
7.098039388656616211e-01
-3.176470696926116943e-01
-8.039215803146362305e-01
7.450980693101882935e-02
8.196078538894653320e-01
1.450980454683303833e-01
-7.882353067398071289e-01
-3.803921639919281006e-01
6.705882549285888672e-01
5.607843399047851562e-01
-5.137255191802978516e-01
-7.176470756530761719e-01
3.098039329051971436e-01
7.960784435272216797e-01
-8.235294371843338013e-02
-8.274509906768798828e-01
-1.529411822557449341e-01
7.803921699523925781e-01
3.725490272045135498e-01
-6.784313917160034180e-01
-5.686274766921997070e-01
5.137255191802978516e-01
7.098039388656616211e-01
-3.176470696926116943e-01
-8.039215803146362305e-01
8.235294371843338013e-02
8.196078538894653320e-01
1.450980454683303833e-01
-7.803921699523925781e-01
-3.803921639919281006e-01
6.705882549285888672e-01
5.607843399047851562e-01
-5.215686559677124023e-01
-7.176470756530761719e-01
3.019607961177825928e-01
7.960784435272216797e-01
-9.019608050584793091e-02
-8.274509906768798828e-01
-1.607843190431594849e-01
7.725490331649780273e-01
3.647058904170989990e-01
-6.784313917160034180e-01
-5.764706134796142578e-01
5.058823823928833008e-01
7.098039388656616211e-01
-3.176470696926116943e-01
-8.039215803146362305e-01
7.450980693101882935e-02
8.196078538894653320e-01
1.450980454683303833e-01
-7.960784435272216797e-01
-3.803921639919281006e-01
6.627451181411743164e-01
5.607843399047851562e-01
-5.215686559677124023e-01
-7.176470756530761719e-01
3.019607961177825928e-01
7.960784435272216797e-01
-8.235294371843338013e-02
-8.352941274642944336e-01
-1.607843190431594849e-01
7.725490331649780273e-01
3.647058904170989990e-01
-6.784313917160034180e-01
-5.764706134796142578e-01
5.058823823928833008e-01
7.098039388656616211e-01
-3.098039329051971436e-01
-8.117647171020507812e-01
7.450980693101882935e-02
8.196078538894653320e-01
1.450980454683303833e-01
-7.882353067398071289e-01
-3.803921639919281006e-01
6.705882549285888672e-01
5.607843399047851562e-01
-5.215686559677124023e-01
-7.176470756530761719e-01
3.098039329051971436e-01
7.960784435272216797e-01
-8.235294371843338013e-02
-8.274509906768798828e-01
-1.529411822557449341e-01
7.725490331649780273e-01
3.725490272045135498e-01
-6.784313917160034180e-01
-5.686274766921997070e-01
5.058823823928833008e-01
7.098039388656616211e-01
-3.176470696926116943e-01
-8.039215803146362305e-01
7.450980693101882935e-02
8.196078538894653320e-01
1.450980454683303833e-01
-7.882353067398071289e-01
-3.803921639919281006e-01
6.705882549285888672e-01
5.607843399047851562e-01
-5.215686559677124023e-01
-7.176470756530761719e-01
3.019607961177825928e-01
7.960784435272216797e-01
-9.019608050584793091e-02
-8.274509906768798828e-01
-1.529411822557449341e-01
7.725490331649780273e-01
3.725490272045135498e-01
-6.784313917160034180e-01
-5.764706134796142578e-01
5.058823823928833008e-01
7.098039388656616211e-01
-3.176470696926116943e-01
-8.117647171020507812e-01
7.450980693101882935e-02
8.196078538894653320e-01
1.450980454683303833e-01
-7.882353067398071289e-01
-3.803921639919281006e-01
6.705882549285888672e-01
5.607843399047851562e-01
-5.215686559677124023e-01
-7.254902124404907227e-01
3.019607961177825928e-01
7.960784435272216797e-01
-9.019608050584793091e-02
-8.352941274642944336e-01
-1.607843190431594849e-01
7.725490331649780273e-01
3.725490272045135498e-01
-6.784313917160034180e-01
-5.686274766921997070e-01
5.058823823928833008e-01
7.098039388656616211e-01
-3.176470696926116943e-01
-8.039215803146362305e-01
7.450980693101882935e-02
8.196078538894653320e-01
1.450980454683303833e-01
-7.882353067398071289e-01
-3.803921639919281006e-01
6.705882549285888672e-01
5.607843399047851562e-01
-5.137255191802978516e-01
-7.176470756530761719e-01
3.019607961177825928e-01
7.960784435272216797e-01
-8.235294371843338013e-02
-8.274509906768798828e-01
-1.607843190431594849e-01
7.725490331649780273e-01
3.725490272045135498e-01
-6.784313917160034180e-01
-5.764706134796142578e-01
5.058823823928833008e-01
7.098039388656616211e-01
-3.176470696926116943e-01
-8.039215803146362305e-01
7.450980693101882935e-02
8.196078538894653320e-01
1.529411822557449341e-01
-7.882353067398071289e-01
-3.803921639919281006e-01
6.705882549285888672e-01
5.607843399047851562e-01
-5.215686559677124023e-01
-7.176470756530761719e-01
3.019607961177825928e-01
7.960784435272216797e-01
-9.019608050584793091e-02
-8.274509906768798828e-01
-1.607843190431594849e-01
7.803921699523925781e-01
3.725490272045135498e-01
-6.784313917160034180e-01
-5.764706134796142578e-01
5.058823823928833008e-01
7.019608020782470703e-01
-3.176470696926116943e-01
-8.039215803146362305e-01
7.450980693101882935e-02
8.196078538894653320e-01
1.450980454683303833e-01
-7.882353067398071289e-01
-3.803921639919281006e-01
6.705882549285888672e-01
5.607843399047851562e-01
-5.215686559677124023e-01
-7.176470756530761719e-01
3.019607961177825928e-01
7.960784435272216797e-01
-9.019608050584793091e-02
-8.352941274642944336e-01
-1.529411822557449341e-01
7.725490331649780273e-01
3.725490272045135498e-01
-6.784313917160034180e-01
-5.764706134796142578e-01
5.058823823928833008e-01
7.098039388656616211e-01
-3.176470696926116943e-01
-8.117647171020507812e-01
8.235294371843338013e-02
8.196078538894653320e-01
1.529411822557449341e-01
-7.882353067398071289e-01
-3.803921639919281006e-01
6.705882549285888672e-01
5.607843399047851562e-01
-5.215686559677124023e-01
-7.176470756530761719e-01
3.019607961177825928e-01
7.960784435272216797e-01
-9.019608050584793091e-02
-8.274509906768798828e-01
-1.607843190431594849e-01
7.725490331649780273e-01
3.725490272045135498e-01
-6.784313917160034180e-01
-5.686274766921997070e-01
5.058823823928833008e-01
7.098039388656616211e-01
-3.176470696926116943e-01
-8.039215803146362305e-01
7.450980693101882935e-02
8.196078538894653320e-01
1.529411822557449341e-01
-7.882353067398071289e-01
-3.803921639919281006e-01
6.705882549285888672e-01
5.607843399047851562e-01
-5.137255191802978516e-01
-7.176470756530761719e-01
3.098039329051971436e-01
7.960784435272216797e-01
-8.235294371843338013e-02
-8.274509906768798828e-01
-1.529411822557449341e-01
7.725490331649780273e-01
3.725490272045135498e-01
-6.784313917160034180e-01
-5.686274766921997070e-01
5.137255191802978516e-01
7.098039388656616211e-01
-3.176470696926116943e-01
-8.039215803146362305e-01
7.450980693101882935e-02
8.196078538894653320e-01
1.450980454683303833e-01
-7.882353067398071289e-01
-3.803921639919281006e-01
6.705882549285888672e-01
5.607843399047851562e-01
-5.215686559677124023e-01
-7.176470756530761719e-01
3.019607961177825928e-01
7.960784435272216797e-01
-9.019608050584793091e-02
-8.274509906768798828e-01
-1.607843190431594849e-01
7.725490331649780273e-01
3.647058904170989990e-01
-6.784313917160034180e-01
-5.686274766921997070e-01
5.058823823928833008e-01
7.098039388656616211e-01
-3.098039329051971436e-01
-8.117647171020507812e-01
7.450980693101882935e-02
8.196078538894653320e-01
1.529411822557449341e-01
-7.882353067398071289e-01
-3.803921639919281006e-01
6.705882549285888672e-01
5.607843399047851562e-01
-5.137255191802978516e-01
-7.176470756530761719e-01
3.019607961177825928e-01
7.960784435272216797e-01
-9.019608050584793091e-02
-8.274509906768798828e-01
-1.529411822557449341e-01
7.725490331649780273e-01
3.725490272045135498e-01
-6.784313917160034180e-01
-5.686274766921997070e-01
5.058823823928833008e-01
7.098039388656616211e-01
-3.098039329051971436e-01
-8.117647171020507812e-01
7.450980693101882935e-02
8.196078538894653320e-01
1.450980454683303833e-01
-7.882353067398071289e-01
-3.803921639919281006e-01
6.705882549285888672e-01
5.607843399047851562e-01
-5.137255191802978516e-01
-7.176470756530761719e-01
3.098039329051971436e-01
7.960784435272216797e-01
-9.019608050584793091e-02
-8.274509906768798828e-01
-1.529411822557449341e-01
7.725490331649780273e-01
3.725490272045135498e-01
-6.784313917160034180e-01
-5.686274766921997070e-01
5.058823823928833008e-01
7.098039388656616211e-01
-3.176470696926116943e-01
-8.039215803146362305e-01
7.450980693101882935e-02
8.196078538894653320e-01
1.450980454683303833e-01
-7.882353067398071289e-01
-3.803921639919281006e-01
6.705882549285888672e-01
5.607843399047851562e-01
-5.215686559677124023e-01
-7.176470756530761719e-01
3.019607961177825928e-01
7.960784435272216797e-01
-9.019608050584793091e-02
-8.274509906768798828e-01
-1.607843190431594849e-01
7.725490331649780273e-01
3.647058904170989990e-01
-6.784313917160034180e-01
-5.686274766921997070e-01
5.058823823928833008e-01
7.019608020782470703e-01
-3.176470696926116943e-01
-8.039215803146362305e-01
7.450980693101882935e-02
8.117647171020507812e-01
1.529411822557449341e-01
-7.882353067398071289e-01
-3.803921639919281006e-01
6.705882549285888672e-01
5.607843399047851562e-01
-5.215686559677124023e-01
-7.176470756530761719e-01
3.098039329051971436e-01
7.960784435272216797e-01
-9.019608050584793091e-02
-8.274509906768798828e-01
-1.607843190431594849e-01
7.725490331649780273e-01
3.725490272045135498e-01
-6.784313917160034180e-01
-5.686274766921997070e-01
5.058823823928833008e-01
7.098039388656616211e-01
-3.098039329051971436e-01
-8.039215803146362305e-01
8.235294371843338013e-02
8.196078538894653320e-01
1.529411822557449341e-01
-7.882353067398071289e-01
-3.803921639919281006e-01
6.705882549285888672e-01
5.607843399047851562e-01
-5.137255191802978516e-01
-7.176470756530761719e-01
3.019607961177825928e-01
7.960784435272216797e-01
-8.235294371843338013e-02
-8.274509906768798828e-01
-1.607843190431594849e-01
7.725490331649780273e-01
3.725490272045135498e-01
-6.784313917160034180e-01
-5.686274766921997070e-01
5.058823823928833008e-01
7.098039388656616211e-01
-3.098039329051971436e-01
-8.039215803146362305e-01
8.235294371843338013e-02
8.196078538894653320e-01
1.529411822557449341e-01
-7.882353067398071289e-01
-3.803921639919281006e-01
6.705882549285888672e-01
5.607843399047851562e-01
-5.137255191802978516e-01
-7.176470756530761719e-01
3.019607961177825928e-01
7.960784435272216797e-01
-9.019608050584793091e-02
-8.352941274642944336e-01
-1.607843190431594849e-01
7.725490331649780273e-01
3.725490272045135498e-01
-6.784313917160034180e-01
-5.764706134796142578e-01
5.058823823928833008e-01
7.098039388656616211e-01
-3.176470696926116943e-01
-8.117647171020507812e-01
7.450980693101882935e-02
8.196078538894653320e-01
1.450980454683303833e-01
-7.882353067398071289e-01
-3.803921639919281006e-01
6.705882549285888672e-01
5.607843399047851562e-01
-5.215686559677124023e-01
-7.176470756530761719e-01
3.019607961177825928e-01
7.960784435272216797e-01
-8.235294371843338013e-02
-8.274509906768798828e-01
-1.607843190431594849e-01
7.725490331649780273e-01
3.725490272045135498e-01
-6.784313917160034180e-01
-5.686274766921997070e-01
5.058823823928833008e-01
7.098039388656616211e-01
-3.176470696926116943e-01
-8.039215803146362305e-01
7.450980693101882935e-02
8.196078538894653320e-01
1.529411822557449341e-01
-7.882353067398071289e-01
-3.803921639919281006e-01
6.705882549285888672e-01
5.607843399047851562e-01
-5.215686559677124023e-01
-7.176470756530761719e-01
3.098039329051971436e-01
7.960784435272216797e-01
-8.235294371843338013e-02
-8.274509906768798828e-01
-1.529411822557449341e-01
7.725490331649780273e-01
3.725490272045135498e-01
-6.784313917160034180e-01
-5.686274766921997070e-01
5.058823823928833008e-01
7.098039388656616211e-01
-3.176470696926116943e-01
-8.039215803146362305e-01
7.450980693101882935e-02
8.196078538894653320e-01
1.450980454683303833e-01
-7.882353067398071289e-01
-3.803921639919281006e-01
6.705882549285888672e-01
5.607843399047851562e-01
-5.215686559677124023e-01
-7.176470756530761719e-01
3.019607961177825928e-01
7.960784435272216797e-01
-9.019608050584793091e-02
-8.352941274642944336e-01
-1.607843190431594849e-01
7.725490331649780273e-01
3.725490272045135498e-01
-6.862745285034179688e-01
-5.764706134796142578e-01
5.058823823928833008e-01
7.098039388656616211e-01
-3.176470696926116943e-01
-8.039215803146362305e-01
7.450980693101882935e-02
8.196078538894653320e-01
1.529411822557449341e-01
-7.882353067398071289e-01
-3.803921639919281006e-01
6.705882549285888672e-01
5.607843399047851562e-01
-5.215686559677124023e-01
-7.176470756530761719e-01
3.019607961177825928e-01
7.960784435272216797e-01
-9.019608050584793091e-02
-8.274509906768798828e-01
-1.529411822557449341e-01
7.725490331649780273e-01
3.725490272045135498e-01
-6.784313917160034180e-01
-5.764706134796142578e-01
5.058823823928833008e-01
7.019608020782470703e-01
-3.176470696926116943e-01
-8.039215803146362305e-01
7.450980693101882935e-02
8.196078538894653320e-01
1.529411822557449341e-01
-7.882353067398071289e-01
-3.803921639919281006e-01
6.705882549285888672e-01
5.607843399047851562e-01
-5.215686559677124023e-01
-7.176470756530761719e-01
3.098039329051971436e-01
7.960784435272216797e-01
-8.235294371843338013e-02
-8.274509906768798828e-01
-1.529411822557449341e-01
7.725490331649780273e-01
3.725490272045135498e-01
-6.784313917160034180e-01
-5.686274766921997070e-01
5.058823823928833008e-01
7.098039388656616211e-01
-3.176470696926116943e-01
-8.039215803146362305e-01
7.450980693101882935e-02
8.196078538894653320e-01
1.450980454683303833e-01
-7.882353067398071289e-01
-3.803921639919281006e-01
6.705882549285888672e-01
5.607843399047851562e-01
-5.215686559677124023e-01
-7.176470756530761719e-01
3.019607961177825928e-01
7.882353067398071289e-01
-9.019608050584793091e-02
-8.352941274642944336e-01
-1.529411822557449341e-01
7.725490331649780273e-01
3.647058904170989990e-01
-6.784313917160034180e-01
-5.686274766921997070e-01
5.058823823928833008e-01
7.019608020782470703e-01
-3.176470696926116943e-01
-8.117647171020507812e-01
7.450980693101882935e-02
8.196078538894653320e-01
1.450980454683303833e-01
-7.882353067398071289e-01
-3.803921639919281006e-01
6.705882549285888672e-01
5.607843399047851562e-01
-5.137255191802978516e-01
-7.176470756530761719e-01
3.019607961177825928e-01
7.960784435272216797e-01
-9.019608050584793091e-02
-8.274509906768798828e-01
-1.607843190431594849e-01
7.725490331649780273e-01
3.725490272045135498e-01
-6.784313917160034180e-01
-5.686274766921997070e-01
5.058823823928833008e-01
7.098039388656616211e-01
-3.098039329051971436e-01
-8.039215803146362305e-01
7.450980693101882935e-02
8.196078538894653320e-01
1.450980454683303833e-01
-7.882353067398071289e-01
-3.803921639919281006e-01
6.705882549285888672e-01
5.607843399047851562e-01
-5.137255191802978516e-01
-7.176470756530761719e-01
3.019607961177825928e-01
7.960784435272216797e-01
-8.235294371843338013e-02
-8.274509906768798828e-01
-1.529411822557449341e-01
7.803921699523925781e-01
3.725490272045135498e-01
-6.784313917160034180e-01
-5.686274766921997070e-01
5.058823823928833008e-01
7.098039388656616211e-01
-3.176470696926116943e-01
-8.039215803146362305e-01
7.450980693101882935e-02
8.196078538894653320e-01
1.450980454683303833e-01
-7.882353067398071289e-01
-3.803921639919281006e-01
6.705882549285888672e-01
5.607843399047851562e-01
-5.137255191802978516e-01
-7.176470756530761719e-01
3.019607961177825928e-01
7.960784435272216797e-01
-9.019608050584793091e-02
-8.352941274642944336e-01
-1.607843190431594849e-01
7.725490331649780273e-01
3.647058904170989990e-01
-6.784313917160034180e-01
-5.764706134796142578e-01
5.058823823928833008e-01
7.019608020782470703e-01
-3.176470696926116943e-01
-8.039215803146362305e-01
7.450980693101882935e-02
8.196078538894653320e-01
1.450980454683303833e-01
-7.882353067398071289e-01
-3.803921639919281006e-01
6.705882549285888672e-01
5.607843399047851562e-01
-5.137255191802978516e-01
-7.176470756530761719e-01
3.019607961177825928e-01
7.960784435272216797e-01
-9.019608050584793091e-02
-8.274509906768798828e-01
-1.529411822557449341e-01
7.725490331649780273e-01
3.725490272045135498e-01
-6.784313917160034180e-01
-5.686274766921997070e-01
5.058823823928833008e-01
7.098039388656616211e-01
1.686274558305740356e-01
3.176470696926116943e-01
1.529411822557449341e-01
-1.686274558305740356e-01
-3.254902064800262451e-01
-1.529411822557449341e-01
1.607843190431594849e-01
3.176470696926116943e-01
1.529411822557449341e-01
-1.686274558305740356e-01
-3.254902064800262451e-01
-1.607843190431594849e-01
1.607843190431594849e-01
3.176470696926116943e-01
1.529411822557449341e-01
-1.686274558305740356e-01
-3.254902064800262451e-01
-1.529411822557449341e-01
1.607843190431594849e-01
3.176470696926116943e-01
1.450980454683303833e-01
-1.607843190431594849e-01
-3.254902064800262451e-01
-1.529411822557449341e-01
1.607843190431594849e-01
3.176470696926116943e-01
1.607843190431594849e-01
-1.686274558305740356e-01
-3.176470696926116943e-01
-1.529411822557449341e-01
1.686274558305740356e-01
3.176470696926116943e-01
1.529411822557449341e-01
-1.686274558305740356e-01
-3.176470696926116943e-01
-1.529411822557449341e-01
1.607843190431594849e-01
3.176470696926116943e-01
1.529411822557449341e-01
-1.686274558305740356e-01
-3.254902064800262451e-01
-1.607843190431594849e-01
1.607843190431594849e-01
3.098039329051971436e-01
1.529411822557449341e-01
-1.686274558305740356e-01
-3.254902064800262451e-01
-1.607843190431594849e-01
1.607843190431594849e-01
3.176470696926116943e-01
1.450980454683303833e-01
-1.607843190431594849e-01
-3.176470696926116943e-01
-1.607843190431594849e-01
1.607843190431594849e-01
3.176470696926116943e-01
1.529411822557449341e-01
-1.686274558305740356e-01
-3.176470696926116943e-01
-1.607843190431594849e-01
1.686274558305740356e-01
3.176470696926116943e-01
1.529411822557449341e-01
-1.607843190431594849e-01
-3.176470696926116943e-01
-1.529411822557449341e-01
1.607843190431594849e-01
3.176470696926116943e-01
1.529411822557449341e-01
-1.686274558305740356e-01
-3.254902064800262451e-01
-1.607843190431594849e-01
1.607843190431594849e-01
3.098039329051971436e-01
1.529411822557449341e-01
-1.686274558305740356e-01
-3.254902064800262451e-01
-1.607843190431594849e-01
1.607843190431594849e-01
3.176470696926116943e-01
1.450980454683303833e-01
-1.607843190431594849e-01
-3.176470696926116943e-01
-1.529411822557449341e-01
1.607843190431594849e-01
3.176470696926116943e-01
1.607843190431594849e-01
-1.686274558305740356e-01
-3.176470696926116943e-01
-1.529411822557449341e-01
1.686274558305740356e-01
3.176470696926116943e-01
1.529411822557449341e-01
-1.686274558305740356e-01
1.529411822557449341e-01
-1.686274558305740356e-01
-3.254902064800262451e-01
-1.607843190431594849e-01
1.607843190431594849e-01
3.176470696926116943e-01
1.529411822557449341e-01
-1.686274558305740356e-01
-3.176470696926116943e-01
-1.529411822557449341e-01
1.607843190431594849e-01
3.176470696926116943e-01
1.450980454683303833e-01
-1.607843190431594849e-01
-3.176470696926116943e-01
-1.529411822557449341e-01
1.607843190431594849e-01
3.176470696926116943e-01
1.607843190431594849e-01
-1.686274558305740356e-01
-3.176470696926116943e-01
-1.529411822557449341e-01
1.686274558305740356e-01
3.176470696926116943e-01
1.529411822557449341e-01
-1.686274558305740356e-01
-3.176470696926116943e-01
-1.529411822557449341e-01
1.607843190431594849e-01
3.176470696926116943e-01
1.529411822557449341e-01
-1.686274558305740356e-01
-3.254902064800262451e-01
-1.607843190431594849e-01
1.607843190431594849e-01
3.098039329051971436e-01
1.529411822557449341e-01
-1.764705926179885864e-01
-3.176470696926116943e-01
-1.529411822557449341e-01
1.607843190431594849e-01
3.176470696926116943e-01
1.450980454683303833e-01
-1.607843190431594849e-01
-3.176470696926116943e-01
-1.529411822557449341e-01
1.607843190431594849e-01
3.176470696926116943e-01
1.607843190431594849e-01
-1.686274558305740356e-01
-3.176470696926116943e-01
-1.607843190431594849e-01
1.607843190431594849e-01
3.176470696926116943e-01
1.529411822557449341e-01
-1.686274558305740356e-01
-3.254902064800262451e-01
-1.529411822557449341e-01
1.607843190431594849e-01
3.098039329051971436e-01
1.450980454683303833e-01
-1.686274558305740356e-01
-3.254902064800262451e-01
-1.607843190431594849e-01
1.607843190431594849e-01
3.098039329051971436e-01
1.529411822557449341e-01
-1.686274558305740356e-01
-3.254902064800262451e-01
-1.607843190431594849e-01
1.607843190431594849e-01
3.176470696926116943e-01
1.450980454683303833e-01
-1.686274558305740356e-01
-3.176470696926116943e-01
-1.529411822557449341e-01
1.607843190431594849e-01
3.176470696926116943e-01
1.607843190431594849e-01
-1.686274558305740356e-01
-3.176470696926116943e-01
-1.607843190431594849e-01
1.686274558305740356e-01
3.176470696926116943e-01
1.529411822557449341e-01
-1.686274558305740356e-01
-3.254902064800262451e-01
-1.529411822557449341e-01
1.607843190431594849e-01
3.176470696926116943e-01
1.529411822557449341e-01
-1.686274558305740356e-01
-3.254902064800262451e-01
-1.607843190431594849e-01
1.607843190431594849e-01
3.098039329051971436e-01
1.529411822557449341e-01
-1.764705926179885864e-01
-3.254902064800262451e-01
-1.607843190431594849e-01
1.607843190431594849e-01
3.176470696926116943e-01
